dispositivo_id,artigo_id,tipo,rotulo,texto,status,nota_alteracao,parent_id,parent_type,source_document
art_1_pu,art_1,parágrafo único,Parágrafo único,"Parágrafo único. As normas gerais contidas nesta Lei são de interesse nacional e devem ser observadas pela União, Estados, Distrito Federal e Municípios. (Parágrafo único acrescido pela Lei nº 13.853, de 8/7/2019)",vigente,"(Parágrafo único acrescido pela Lei nº 13.853, de 8/7/2019)",art_1,Artigo,lei-13709-14-agosto-2018-787077-normaatualizada-pl.pdf
art_2_inc_I,art_2,inciso,I,I - o respeito à privacidade;,vigente,,art_2,Artigo,lei-13709-14-agosto-2018-787077-normaatualizada-pl.pdf
art_2_inc_II,art_2,inciso,II,II - a autodeterminação informativa;,vigente,,art_2,Artigo,lei-13709-14-agosto-2018-787077-normaatualizada-pl.pdf
art_2_inc_III,art_2,inciso,III,"III - a liberdade de expressão, de informação, de comunicação e de opinião;",vigente,,art_2,Artigo,lei-13709-14-agosto-2018-787077-normaatualizada-pl.pdf
art_2_inc_IV,art_2,inciso,IV,"IV - a inviolabilidade da intimidade, da honra e da imagem;",vigente,,art_2,Artigo,lei-13709-14-agosto-2018-787077-normaatualizada-pl.pdf
art_2_inc_V,art_2,inciso,V,V - o desenvolvimento econômico e tecnológico e a inovação;,vigente,,art_2,Artigo,lei-13709-14-agosto-2018-787077-normaatualizada-pl.pdf
art_2_inc_VI,art_2,inciso,VI,"VI - a livre iniciativa, a livre concorrência e a defesa do consumidor; e",vigente,,art_2,Artigo,lei-13709-14-agosto-2018-787077-normaatualizada-pl.pdf
art_2_inc_VII,art_2,inciso,VII,"VII - os direitos humanos, o livre desenvolvimento da personalidade, a dignidade e o exercício da cidadania pelas pessoas naturais.",vigente,,art_2,Artigo,lei-13709-14-agosto-2018-787077-normaatualizada-pl.pdf
art_3_inc_I,art_3,inciso,I,I - a operação de tratamento seja realizada no território nacional;,vigente,,art_3,Artigo,lei-13709-14-agosto-2018-787077-normaatualizada-pl.pdf
art_3_inc_II,art_3,inciso,II,"II - a atividade de tratamento tenha por objetivo a oferta ou o fornecimento de bens ou serviços ou o tratamento de dados de indivíduos localizados no território nacional; ou (Inciso com redação dada pela Medida Provisória nº 869, de 27/12/2018, convertida na Lei nº 13.853, de 8/7/2019)",vigente,"(Inciso com redação dada pela Medida Provisória nº 869, de 27/12/2018, convertida na Lei nº 13.853, de 8/7/2019)",art_3,Artigo,lei-13709-14-agosto-2018-787077-normaatualizada-pl.pdf
art_3_inc_III,art_3,inciso,III,III - os dados pessoais objeto do tratamento tenham sido coletados no território nacional.,vigente,,art_3,Artigo,lei-13709-14-agosto-2018-787077-normaatualizada-pl.pdf
art_3_par_1,art_3,parágrafo,§ 1º,§ 1º Consideram-se coletados no território nacional os dados pessoais cujo titular nele se encontre no momento da coleta.,vigente,,art_3,Artigo,lei-13709-14-agosto-2018-787077-normaatualizada-pl.pdf
art_3_par_2,art_3,parágrafo,§ 2º,§ 2º Excetua-se do disposto no inciso I deste artigo o tratamento de dados previsto no inciso IV do caput do art. 4º desta Lei.,vigente,,art_3,Artigo,lei-13709-14-agosto-2018-787077-normaatualizada-pl.pdf
art_4_inc_I,art_4,inciso,I,I - realizado por pessoa natural para fins exclusivamente particulares e não econômicos;,vigente,,art_4,Artigo,lei-13709-14-agosto-2018-787077-normaatualizada-pl.pdf
art_4_inc_II,art_4,inciso,II,II - realizado para fins exclusivamente:,vigente,,art_4,Artigo,lei-13709-14-agosto-2018-787077-normaatualizada-pl.pdf
art_4_inc_II_ali_a,art_4,alínea,a),a) jornalístico e artísticos; ou,vigente,,art_4_inc_II,Dispositivo,lei-13709-14-agosto-2018-787077-normaatualizada-pl.pdf
art_4_inc_II_ali_b,art_4,alínea,b),"b) acadêmicos, aplicando-se a esta hipótese os arts. 7º e 11 desta Lei;",vigente,,art_4_inc_II,Dispositivo,lei-13709-14-agosto-2018-787077-normaatualizada-pl.pdf
art_4_inc_III,art_4,inciso,III,III - realizado para fins exclusivos de:,vigente,,art_4,Artigo,lei-13709-14-agosto-2018-787077-normaatualizada-pl.pdf
art_4_inc_III_ali_a,art_4,alínea,a),a) segurança pública;,vigente,,art_4_inc_III,Dispositivo,lei-13709-14-agosto-2018-787077-normaatualizada-pl.pdf
art_4_inc_III_ali_b,art_4,alínea,b),b) defesa nacional;,vigente,,art_4_inc_III,Dispositivo,lei-13709-14-agosto-2018-787077-normaatualizada-pl.pdf
art_4_inc_III_ali_c,art_4,alínea,c),c) segurança do Estado; ou,vigente,,art_4_inc_III,Dispositivo,lei-13709-14-agosto-2018-787077-normaatualizada-pl.pdf
art_4_inc_III_ali_d,art_4,alínea,d),d) atividades de investigação e repressão de infrações penais; ou,vigente,,art_4_inc_III,Dispositivo,lei-13709-14-agosto-2018-787077-normaatualizada-pl.pdf
art_4_inc_IV,art_4,inciso,IV,"IV - provenientes de fora do território nacional e que não sejam objeto de comunicação, uso compartilhado de dados com agentes de tratamento brasileiros ou objeto de transferência internacional de dados com outro país que não o de proveniência, desde que o país de proveniência proporcione grau de proteção de dados pessoais adequado ao previsto nesta Lei.",vigente,,art_4,Artigo,lei-13709-14-agosto-2018-787077-normaatualizada-pl.pdf
art_4_par_1,art_4,parágrafo,§ 1º,"§ 1º O tratamento de dados pessoais previsto no inciso III será regido por legislação específica, que deverá prever medidas proporcionais e estritamente necessárias ao atendimento do interesse público, observados o devido processo legal, os princípios gerais de proteção e os direitos do titular previstos nesta Lei.",vigente,,art_4,Artigo,lei-13709-14-agosto-2018-787077-normaatualizada-pl.pdf
art_4_par_2,art_4,parágrafo,§ 2º,"§ 2º É vedado o tratamento dos dados a que se refere o inciso III do caput deste artigo por pessoa de direito privado, exceto em procedimentos sob tutela de pessoa jurídica de direito público, que serão objeto de informe específico à autoridade nacional e que deverão observar a limitação imposta no § 4º deste artigo.",vigente,,art_4,Artigo,lei-13709-14-agosto-2018-787077-normaatualizada-pl.pdf
art_4_par_3,art_4,parágrafo,§ 3º,§ 3º A autoridade nacional emitirá opiniões técnicas ou recomendações referentes às exceções previstas no inciso III do caput deste artigo e deverá solicitar aos responsáveis relatórios de impacto à proteção de dados pessoais.,vigente,,art_4,Artigo,lei-13709-14-agosto-2018-787077-normaatualizada-pl.pdf
art_4_par_4,art_4,parágrafo,§ 4º,"§ 4º Em nenhum caso a totalidade dos dados pessoais de banco de dados de que trata o inciso III do caput deste artigo poderá ser tratada por pessoa de direito privado, salvo por aquela que possua capital integralmente constituído pelo poder público. (Parágrafo com redação dada pela Lei nº 13.853, de 8/7/2019)",vigente,"(Parágrafo com redação dada pela Lei nº 13.853, de 8/7/2019)",art_4,Artigo,lei-13709-14-agosto-2018-787077-normaatualizada-pl.pdf
art_5_inc_I,art_5,inciso,I,I - dado pessoal: informação relacionada a pessoa natural identificada ou identificável;,vigente,,art_5,Artigo,lei-13709-14-agosto-2018-787077-normaatualizada-pl.pdf
art_5_inc_II,art_5,inciso,II,"II - dado pessoal sensível: dado pessoal sobre origem racial ou étnica, convicção religiosa, opinião política, filiação a sindicato ou a organização de caráter religioso, filosófico ou político, dado referente à saúde ou à vida sexual, dado genético ou biométrico, quando vinculado a uma pessoa natural;",vigente,,art_5,Artigo,lei-13709-14-agosto-2018-787077-normaatualizada-pl.pdf
art_5_inc_III,art_5,inciso,III,"III - dado anonimizado: dado relativo a titular que não possa ser identificado, considerando a utilização de meios técnicos razoáveis e disponíveis na ocasião de seu tratamento;",vigente,,art_5,Artigo,lei-13709-14-agosto-2018-787077-normaatualizada-pl.pdf
art_5_inc_IV,art_5,inciso,IV,"IV - banco de dados: conjunto estruturado de dados pessoais, estabelecido em um ou em vários locais, em suporte eletrônico ou físico;",vigente,,art_5,Artigo,lei-13709-14-agosto-2018-787077-normaatualizada-pl.pdf
art_5_inc_V,art_5,inciso,V,V - titular: pessoa natural a quem se referem os dados pessoais que são objeto de tratamento;,vigente,,art_5,Artigo,lei-13709-14-agosto-2018-787077-normaatualizada-pl.pdf
art_5_inc_VI,art_5,inciso,VI,"VI - controlador: pessoa natural ou jurídica, de direito público ou privado, a quem competem as decisões referentes ao tratamento de dados pessoais;",vigente,,art_5,Artigo,lei-13709-14-agosto-2018-787077-normaatualizada-pl.pdf
art_5_inc_VII,art_5,inciso,VII,"VII - operador: pessoa natural ou jurídica, de direito público ou privado, que realiza o tratamento de dados pessoais em nome do controlador;",vigente,,art_5,Artigo,lei-13709-14-agosto-2018-787077-normaatualizada-pl.pdf
art_5_inc_VIII,art_5,inciso,VIII,"VIII - encarregado: pessoa indicada pelo controlador e operador para atuar como canal de comunicação entre o controlador, os titulares dos dados e a Agência Nacional de Proteção de Dados (ANPD); (Inciso com redação dada pela Medida Provisória nº 1.317, de 17/9/2025, convertida na Lei nº 15.352, de 25/2/2026)",vigente,"(Inciso com redação dada pela Medida Provisória nº 1.317, de 17/9/2025, convertida na Lei nº 15.352, de 25/2/2026)",art_5,Artigo,lei-13709-14-agosto-2018-787077-normaatualizada-pl.pdf
art_5_inc_IX,art_5,inciso,IX,IX - agentes de tratamento: o controlador e o operador;,vigente,,art_5,Artigo,lei-13709-14-agosto-2018-787077-normaatualizada-pl.pdf
art_5_inc_X,art_5,inciso,X,"X - tratamento: toda operação realizada com dados pessoais, como as que se referem a coleta, produção, recepção, classificação, utilização, acesso, reprodução, transmissão, distribuição, processamento, arquivamento, armazenamento, eliminação, avaliação ou controle da informação, modificação, comunicação, transferência, difusão ou extração;",vigente,,art_5,Artigo,lei-13709-14-agosto-2018-787077-normaatualizada-pl.pdf
art_5_inc_XI,art_5,inciso,XI,"XI - anonimização: utilização de meios técnicos razoáveis e disponíveis no momento do tratamento, por meio dos quais um dado perde a possibilidade de associação, direta ou indireta, a um indivíduo;",vigente,,art_5,Artigo,lei-13709-14-agosto-2018-787077-normaatualizada-pl.pdf
art_5_inc_XII,art_5,inciso,XII,"XII - consentimento: manifestação livre, informada e inequívoca pela qual o titular concorda com o tratamento de seus dados pessoais para uma finalidade determinada;",vigente,,art_5,Artigo,lei-13709-14-agosto-2018-787077-normaatualizada-pl.pdf
art_5_inc_XIII,art_5,inciso,XIII,"XIII - bloqueio: suspensão temporária de qualquer operação de tratamento, mediante guarda do dado pessoal ou do banco de dados;",vigente,,art_5,Artigo,lei-13709-14-agosto-2018-787077-normaatualizada-pl.pdf
art_5_inc_XIV,art_5,inciso,XIV,"XIV - eliminação: exclusão de dado ou de conjunto de dados armazenados em banco de dados, independentemente do procedimento empregado;",vigente,,art_5,Artigo,lei-13709-14-agosto-2018-787077-normaatualizada-pl.pdf
art_5_inc_XV,art_5,inciso,XV,XV - transferência internacional de dados: transferência de dados pessoais para país estrangeiro ou organismo internacional do qual o país seja membro;,vigente,,art_5,Artigo,lei-13709-14-agosto-2018-787077-normaatualizada-pl.pdf
art_5_inc_XVI,art_5,inciso,XVI,"XVI - uso compartilhado de dados: comunicação, difusão, transferência internacional, interconexão de dados pessoais ou tratamento compartilhado de bancos de dados pessoais por órgãos e entidades públicos no cumprimento de suas competências legais, ou entre esses e entes privados, reciprocamente, com autorização específica, para uma ou mais modalidades de tratamento permitidas por esses entes públicos, ou entre entes privados;",vigente,,art_5,Artigo,lei-13709-14-agosto-2018-787077-normaatualizada-pl.pdf
art_5_inc_XVII,art_5,inciso,XVII,"XVII - relatório de impacto à proteção de dados pessoais: documentação do controlador que contém a descrição dos processos de tratamento de dados pessoais que podem gerar riscos às liberdades civis e aos direitos fundamentais, bem como medidas, salvaguardas e mecanismos de mitigação de risco;",vigente,,art_5,Artigo,lei-13709-14-agosto-2018-787077-normaatualizada-pl.pdf
art_5_inc_XVIII,art_5,inciso,XVIII,"XVIII - órgão de pesquisa: órgão ou entidade da administração pública direta ou indireta ou pessoa jurídica de direito privado sem fins lucrativos legalmente constituída sob as leis brasileiras, com sede e foro no País, que inclua em sua missão institucional ou em seu objetivo social ou estatutário a pesquisa básica ou aplicada de caráter histórico, científico, tecnológico ou estatístico; e (Inciso com redação dada pela Medida Provisória nº 869, de 27/12/2018, convertida na Lei nº 13.853, de 8/7/2019)",vigente,"(Inciso com redação dada pela Medida Provisória nº 869, de 27/12/2018, convertida na Lei nº 13.853, de 8/7/2019)",art_5,Artigo,lei-13709-14-agosto-2018-787077-normaatualizada-pl.pdf
art_5_inc_XIX,art_5,inciso,XIX,"XIX - autoridade nacional: entidade da administração pública responsável por zelar, implementar e fiscalizar o cumprimento desta Lei em todo o território nacional. (Inciso com redação dada pela Medida Provisória nº 1.317, de 17/9/2025 , convertida na Lei nº 15.352, de 25/2/2026)",vigente,"(Inciso com redação dada pela Medida Provisória nº 1.317, de 17/9/2025 , convertida na Lei nº 15.352, de 25/2/2026)",art_5,Artigo,lei-13709-14-agosto-2018-787077-normaatualizada-pl.pdf
art_6_inc_I,art_6,inciso,I,"I - finalidade: realização do tratamento para propósitos legítimos, específicos, explícitos e informados ao titular, sem possibilidade de tratamento posterior de forma incompatível com essas finalidades;",vigente,,art_6,Artigo,lei-13709-14-agosto-2018-787077-normaatualizada-pl.pdf
art_6_inc_II,art_6,inciso,II,"II - adequação: compatibilidade do tratamento com as finalidades informadas ao titular, de acordo com o contexto do tratamento;",vigente,,art_6,Artigo,lei-13709-14-agosto-2018-787077-normaatualizada-pl.pdf
art_6_inc_III,art_6,inciso,III,"III - necessidade: limitação do tratamento ao mínimo necessário para a realização de suas finalidades, com abrangência dos dados pertinentes, proporcionais e não excessivos em relação às finalidades do tratamento de dados;",vigente,,art_6,Artigo,lei-13709-14-agosto-2018-787077-normaatualizada-pl.pdf
art_6_inc_IV,art_6,inciso,IV,"IV - livre acesso: garantia, aos titulares, de consulta facilitada e gratuita sobre a forma e a duração do tratamento, bem como sobre a integralidade de seus dados pessoais;",vigente,,art_6,Artigo,lei-13709-14-agosto-2018-787077-normaatualizada-pl.pdf
art_6_inc_V,art_6,inciso,V,"V - qualidade dos dados: garantia, aos titulares, de exatidão, clareza, relevância e atualização dos dados, de acordo com a necessidade e para o cumprimento da finalidade de seu tratamento;",vigente,,art_6,Artigo,lei-13709-14-agosto-2018-787077-normaatualizada-pl.pdf
art_6_inc_VI,art_6,inciso,VI,"VI - transparência: garantia, aos titulares, de informações claras, precisas e facilmente acessíveis sobre a realização do tratamento e os respectivos agentes de tratamento, observados os segredos comercial e industrial;",vigente,,art_6,Artigo,lei-13709-14-agosto-2018-787077-normaatualizada-pl.pdf
art_6_inc_VII,art_6,inciso,VII,"VII - segurança: utilização de medidas técnicas e administrativas aptas a proteger os dados pessoais de acessos não autorizados e de situações acidentais ou ilícitas de destruição, perda, alteração, comunicação ou difusão;",vigente,,art_6,Artigo,lei-13709-14-agosto-2018-787077-normaatualizada-pl.pdf
art_6_inc_VIII,art_6,inciso,VIII,VIII - prevenção: adoção de medidas para prevenir a ocorrência de danos em virtude do tratamento de dados pessoais;,vigente,,art_6,Artigo,lei-13709-14-agosto-2018-787077-normaatualizada-pl.pdf
art_6_inc_IX,art_6,inciso,IX,IX - não discriminação: impossibilidade de realização do tratamento para fins discriminatórios ilícitos ou abusivos;,vigente,,art_6,Artigo,lei-13709-14-agosto-2018-787077-normaatualizada-pl.pdf
art_6_inc_X,art_6,inciso,X,"X- responsabilização e prestação de contas: demonstração, pelo agente, da adoção de medidas eficazes e capazes de comprovar a observância e o cumprimento das normas de proteção de dados pessoais e, inclusive, da eficácia dessas medidas.",vigente,,art_6,Artigo,lei-13709-14-agosto-2018-787077-normaatualizada-pl.pdf
art_7_inc_I,art_7,inciso,I,I - mediante o fornecimento de consentimento pelo titular;,vigente,,art_7,Artigo,lei-13709-14-agosto-2018-787077-normaatualizada-pl.pdf
art_7_inc_II,art_7,inciso,II,II - para o cumprimento de obrigação legal ou regulatória pelo controlador;,vigente,,art_7,Artigo,lei-13709-14-agosto-2018-787077-normaatualizada-pl.pdf
art_7_inc_III,art_7,inciso,III,"III - pela administração pública, para o tratamento e uso compartilhado de dados necessários à execução de políticas públicas previstas em leis e regulamentos ou respaldadas em contratos, convênios ou instrumentos congêneres, observadas as disposições do Capítulo IV desta Lei;",vigente,,art_7,Artigo,lei-13709-14-agosto-2018-787077-normaatualizada-pl.pdf
art_7_inc_IV,art_7,inciso,IV,"IV - para a realização de estudos por órgão de pesquisa, garantida, sempre que possível, a anonimização dos dados pessoais;",vigente,,art_7,Artigo,lei-13709-14-agosto-2018-787077-normaatualizada-pl.pdf
art_7_inc_V,art_7,inciso,V,"V - quando necessário para a execução de contrato ou de procedimentos preliminares relacionados a contrato do qual seja parte o titular, a pedido do titular dos dados;",vigente,,art_7,Artigo,lei-13709-14-agosto-2018-787077-normaatualizada-pl.pdf
art_7_inc_VI,art_7,inciso,VI,"VI - para o exercício regular de direitos em processo judicial, administrativo ou arbitral, esse último nos termos da Lei nº 9.307, de 23 de setembro de 1996 (Lei de Arbitragem);",vigente,,art_7,Artigo,lei-13709-14-agosto-2018-787077-normaatualizada-pl.pdf
art_7_inc_VII,art_7,inciso,VII,VII - para a proteção da vida ou da incolumidade física do titular ou de terceiro;,vigente,,art_7,Artigo,lei-13709-14-agosto-2018-787077-normaatualizada-pl.pdf
art_7_inc_VIII,art_7,inciso,VIII,"VIII - para a tutela da saúde, exclusivamente, em procedimento realizado por profissionais de saúde, serviços de saúde ou autoridade sanitária; (Inciso com redação dada pela Lei nº 13.853, de 8/7/2019)",vigente,"(Inciso com redação dada pela Lei nº 13.853, de 8/7/2019)",art_7,Artigo,lei-13709-14-agosto-2018-787077-normaatualizada-pl.pdf
art_7_inc_IX,art_7,inciso,IX,"IX - quando necessário para atender aos interesses legítimos do controlador ou de terceiro, exceto no caso de prevalecerem direitos e liberdades fundamentais do titular que exijam a proteção dos dados pessoais; ou",vigente,,art_7,Artigo,lei-13709-14-agosto-2018-787077-normaatualizada-pl.pdf
art_7_inc_X,art_7,inciso,X,"X - para a proteção do crédito, inclusive quanto ao disposto na legislação pertinente.",vigente,,art_7,Artigo,lei-13709-14-agosto-2018-787077-normaatualizada-pl.pdf
art_7_par_1,art_7,parágrafo,§ 1º,"§ 1º (Revogado pela Medida Provisória nº 869, de 27/12/2018, convertida na Lei nº 13.853, de 8/7/2019)",revogado,,art_7,Artigo,lei-13709-14-agosto-2018-787077-normaatualizada-pl.pdf
art_7_par_2,art_7,parágrafo,§ 2º,"§ 2º (Revogado pela Medida Provisória nº 869, de 27/12/2018, convertida na Lei nº 13.853, de 8/7/2019)",revogado,,art_7,Artigo,lei-13709-14-agosto-2018-787077-normaatualizada-pl.pdf
art_7_par_3,art_7,parágrafo,§ 3º,"§ 3º O tratamento de dados pessoais cujo acesso é público deve considerar a finalidade, a boa-fé e o interesse público que justificaram sua disponibilização.",vigente,,art_7,Artigo,lei-13709-14-agosto-2018-787077-normaatualizada-pl.pdf
art_7_par_4,art_7,parágrafo,§ 4º,"§ 4º É dispensada a exigência do consentimento previsto no caput deste artigo para os dados tornados manifestamente públicos pelo titular, resguardados os direitos do titular e os princípios previstos nesta Lei.",vigente,,art_7,Artigo,lei-13709-14-agosto-2018-787077-normaatualizada-pl.pdf
art_7_par_5,art_7,parágrafo,§ 5º,"§ 5º O controlador que obteve o consentimento referido no inciso I do caput deste artigo que necessitar comunicar ou compartilhar dados pessoais com outros controladores deverá obter consentimento específico do titular para esse fim, ressalvadas as hipóteses de dispensa do consentimento previstas nesta Lei.",vigente,,art_7,Artigo,lei-13709-14-agosto-2018-787077-normaatualizada-pl.pdf
art_7_par_6,art_7,parágrafo,§ 6º,"§ 6º A eventual dispensa da exigência do consentimento não desobriga os agentes de tratamento das demais obrigações previstas nesta Lei, especialmente da observância dos princípios gerais e da garantia dos direitos do titular.",vigente,,art_7,Artigo,lei-13709-14-agosto-2018-787077-normaatualizada-pl.pdf
art_7_par_7,art_7,parágrafo,§ 7º,"§ 7º O tratamento posterior dos dados pessoais a que se referem os §§ 3º e 4º deste artigo poderá ser realizado para novas finalidades, desde que observados os propósitos legítimos e específicos para o novo tratamento e a preservação dos direitos do titular, assim como os fundamentos e os princípios previstos nesta Lei. (Parágrafo acrescido pela Lei nº 13.853, de 8/7/2019)",vigente,"(Parágrafo acrescido pela Lei nº 13.853, de 8/7/2019)",art_7,Artigo,lei-13709-14-agosto-2018-787077-normaatualizada-pl.pdf
art_8_par_1,art_8,parágrafo,§ 1º,"§ 1º Caso o consentimento seja fornecido por escrito, esse deverá constar de cláusula destacada das demais cláusulas contratuais.",vigente,,art_8,Artigo,lei-13709-14-agosto-2018-787077-normaatualizada-pl.pdf
art_8_par_2,art_8,parágrafo,§ 2º,§ 2º Cabe ao controlador o ônus da prova de que o consentimento foi obtido em conformidade com o disposto nesta Lei.,vigente,,art_8,Artigo,lei-13709-14-agosto-2018-787077-normaatualizada-pl.pdf
art_8_par_3,art_8,parágrafo,§ 3º,§ 3º É vedado o tratamento de dados pessoais mediante vício de consentimento.,vigente,,art_8,Artigo,lei-13709-14-agosto-2018-787077-normaatualizada-pl.pdf
art_8_par_4,art_8,parágrafo,§ 4º,"§ 4º O consentimento deverá referir-se a finalidades determinadas, e as autorizações genéricas para o tratamento de dados pessoais serão nulas.",vigente,,art_8,Artigo,lei-13709-14-agosto-2018-787077-normaatualizada-pl.pdf
art_8_par_5,art_8,parágrafo,§ 5º,"§ 5º O consentimento pode ser revogado a qualquer momento mediante manifestação expressa do titular, por procedimento gratuito e facilitado, ratificados os tratamentos realizados sob amparo do consentimento anteriormente manifestado enquanto não houver requerimento de eliminação, nos termos do inciso VI do caput do art. 18 desta Lei.",vigente,,art_8,Artigo,lei-13709-14-agosto-2018-787077-normaatualizada-pl.pdf
art_8_par_6,art_8,parágrafo,§ 6º,"§ 6º Em caso de alteração de informação referida nos incisos I, II, III ou V do art. 9º desta Lei, o controlador deverá informar ao titular, com destaque de forma específica do teor das alterações, podendo o titular, nos casos em que o seu consentimento é exigido, revogá-lo caso discorde da alteração.",vigente,,art_8,Artigo,lei-13709-14-agosto-2018-787077-normaatualizada-pl.pdf
art_9_inc_I,art_9,inciso,I,I - finalidade específica do tratamento;,vigente,,art_9,Artigo,lei-13709-14-agosto-2018-787077-normaatualizada-pl.pdf
art_9_inc_II,art_9,inciso,II,"II - forma e duração do tratamento, observados os segredos comercial e industrial;",vigente,,art_9,Artigo,lei-13709-14-agosto-2018-787077-normaatualizada-pl.pdf
art_9_inc_III,art_9,inciso,III,III - identificação do controlador;,vigente,,art_9,Artigo,lei-13709-14-agosto-2018-787077-normaatualizada-pl.pdf
art_9_inc_IV,art_9,inciso,IV,IV - informações de contato do controlador;,vigente,,art_9,Artigo,lei-13709-14-agosto-2018-787077-normaatualizada-pl.pdf
art_9_inc_V,art_9,inciso,V,V - informações acerca do uso compartilhado de dados pelo controlador e a finalidade;,vigente,,art_9,Artigo,lei-13709-14-agosto-2018-787077-normaatualizada-pl.pdf
art_9_inc_VI,art_9,inciso,VI,VI - responsabilidades dos agentes que realizarão o tratamento; e,vigente,,art_9,Artigo,lei-13709-14-agosto-2018-787077-normaatualizada-pl.pdf
art_9_inc_VII,art_9,inciso,VII,"VII - direitos do titular, com menção explícita aos direitos contidos no art. 18 desta Lei.",vigente,,art_9,Artigo,lei-13709-14-agosto-2018-787077-normaatualizada-pl.pdf
art_9_par_1,art_9,parágrafo,§ 1º,"§ 1º Na hipótese em que o consentimento é requerido, esse será considerado nulo caso as informações fornecidas ao titular tenham conteúdo enganoso ou abusivo ou não tenham sido apresentadas previamente com transparência, de forma clara e inequívoca.",vigente,,art_9,Artigo,lei-13709-14-agosto-2018-787077-normaatualizada-pl.pdf
art_9_par_2,art_9,parágrafo,§ 2º,"§ 2º Na hipótese em que o consentimento é requerido, se houver mudanças da finalidade para o tratamento de dados pessoais não compatíveis com o consentimento original, o controlador deverá informar previamente o titular sobre as mudanças de finalidade, podendo o titular revogar o consentimento, caso discorde das alterações.",vigente,,art_9,Artigo,lei-13709-14-agosto-2018-787077-normaatualizada-pl.pdf
art_9_par_3,art_9,parágrafo,§ 3º,"§ 3º Quando o tratamento de dados pessoais for condição para o fornecimento de produto ou de serviço ou para o exercício de direito, o titular será informado com destaque sobre esse fato e sobre os meios pelos quais poderá exercer os direitos do titular elencados no art. 18 desta Lei.",vigente,,art_9,Artigo,lei-13709-14-agosto-2018-787077-normaatualizada-pl.pdf
art_10_inc_I,art_10,inciso,I,I - apoio e promoção de atividades do controlador; e,vigente,,art_10,Artigo,lei-13709-14-agosto-2018-787077-normaatualizada-pl.pdf
art_10_inc_II,art_10,inciso,II,"II - proteção, em relação ao titular, do exercício regular de seus direitos ou prestação de serviços que o beneficiem, respeitadas as legítimas expectativas dele e os direitos e liberdades fundamentais, nos termos desta Lei.",vigente,,art_10,Artigo,lei-13709-14-agosto-2018-787077-normaatualizada-pl.pdf
art_10_par_1,art_10,parágrafo,§ 1º,"§ 1º Quando o tratamento for baseado no legítimo interesse do controlador, somente os dados pessoais estritamente necessários para a finalidade pretendida poderão ser tratados.",vigente,,art_10,Artigo,lei-13709-14-agosto-2018-787077-normaatualizada-pl.pdf
art_10_par_2,art_10,parágrafo,§ 2º,§ 2º O controlador deverá adotar medidas para garantir a transparência do tratamento de dados baseado em seu legítimo interesse.,vigente,,art_10,Artigo,lei-13709-14-agosto-2018-787077-normaatualizada-pl.pdf
art_10_par_3,art_10,parágrafo,§ 3º,"§ 3º A autoridade nacional poderá solicitar ao controlador relatório de impacto à proteção de dados pessoais, quando o tratamento tiver como fundamento seu interesse legítimo, observados os segredos comercial e industrial.",vigente,,art_10,Artigo,lei-13709-14-agosto-2018-787077-normaatualizada-pl.pdf
art_11_inc_I,art_11,inciso,I,"I - quando o titular ou seu responsável legal consentir, de forma específica e destacada, para finalidades específicas;",vigente,,art_11,Artigo,lei-13709-14-agosto-2018-787077-normaatualizada-pl.pdf
art_11_inc_II,art_11,inciso,II,"II - sem fornecimento de consentimento do titular, nas hipóteses em que for indispensável para:",vigente,,art_11,Artigo,lei-13709-14-agosto-2018-787077-normaatualizada-pl.pdf
art_11_inc_II_ali_a,art_11,alínea,a),a) cumprimento de obrigação legal ou regulatória pelo controlador;,vigente,,art_11_inc_II,Dispositivo,lei-13709-14-agosto-2018-787077-normaatualizada-pl.pdf
art_11_inc_II_ali_b,art_11,alínea,b),"b) tratamento compartilhado de dados necessários à execução, pela administração pública, de políticas públicas previstas em leis ou regulamentos;",vigente,,art_11_inc_II,Dispositivo,lei-13709-14-agosto-2018-787077-normaatualizada-pl.pdf
art_11_inc_II_ali_c,art_11,alínea,c),"c) realização de estudos por órgão de pesquisa, garantida, sempre que possível, a anonimização dos dados pessoais sensíveis;",vigente,,art_11_inc_II,Dispositivo,lei-13709-14-agosto-2018-787077-normaatualizada-pl.pdf
art_11_inc_II_ali_d,art_11,alínea,d),"d) exercício regular de direitos, inclusive em contrato e em processo judicial, administrativo e arbitral, este último nos termos da Lei nº 9.307, de 23 de setembro de 1996 (Lei de Arbitragem);",vigente,,art_11_inc_II,Dispositivo,lei-13709-14-agosto-2018-787077-normaatualizada-pl.pdf
art_11_inc_II_ali_e,art_11,alínea,e),e) proteção da vida ou da incolumidade física do titular ou de terceiro;,vigente,,art_11_inc_II,Dispositivo,lei-13709-14-agosto-2018-787077-normaatualizada-pl.pdf
art_11_inc_II_ali_f,art_11,alínea,f),"f) tutela da saúde, exclusivamente, em procedimento realizado por profissionais de saúde, serviços de saúde ou autoridade sanitária; ou (Alínea com redação dada pela Lei nº 13.853, de 8/7/2019)",vigente,"(Alínea com redação dada pela Lei nº 13.853, de 8/7/2019)",art_11_inc_II,Dispositivo,lei-13709-14-agosto-2018-787077-normaatualizada-pl.pdf
art_11_inc_II_ali_g,art_11,alínea,g),"g) garantia da prevenção à fraude e à segurança do titular, nos processos de identificação e autenticação de cadastro em sistemas eletrônicos, resguardados os direitos mencionados no art. 9º desta Lei e exceto no caso de prevalecerem direitos e liberdades fundamentais do titular que exijam a proteção dos dados pessoais.",vigente,,art_11_inc_II,Dispositivo,lei-13709-14-agosto-2018-787077-normaatualizada-pl.pdf
art_11_par_1,art_11,parágrafo,§ 1º,"§ 1º Aplica-se o disposto neste artigo a qualquer tratamento de dados pessoais que revele dados pessoais sensíveis e que possa causar dano ao titular, ressalvado o disposto em legislação específica.",vigente,,art_11,Artigo,lei-13709-14-agosto-2018-787077-normaatualizada-pl.pdf
art_11_par_2,art_11,parágrafo,§ 2º,"§ 2º Nos casos de aplicação do disposto nas alíneas ""a"" e ""b"" do inciso II do caput deste artigo pelos órgãos e pelas entidades públicas, será dada publicidade à referida dispensa de consentimento, nos termos do inciso I do caput do art. 23 desta Lei.",vigente,,art_11,Artigo,lei-13709-14-agosto-2018-787077-normaatualizada-pl.pdf
art_11_par_3,art_11,parágrafo,§ 3º,"§ 3º A comunicação ou o uso compartilhado de dados pessoais sensíveis entre controladores com objetivo de obter vantagem econômica poderá ser objeto de vedação ou de regulamentação por parte da autoridade nacional, ouvidos os órgãos setoriais do Poder Público, no âmbito de suas competências.",vigente,,art_11,Artigo,lei-13709-14-agosto-2018-787077-normaatualizada-pl.pdf
art_11_par_4,art_11,parágrafo,§ 4º,"§ 4º É vedada a comunicação ou o uso compartilhado entre controladores de dados pessoais sensíveis referentes à saúde com objetivo de obter vantagem econômica, exceto nas hipóteses relativas a prestação de serviços de saúde, de assistência farmacêutica e de assistência à saúde, desde que observado o § 5º deste artigo, incluídos os serviços auxiliares de diagnose e terapia, em benefício dos interesses dos titulares de dados, e para permitir:",vigente,,art_11,Artigo,lei-13709-14-agosto-2018-787077-normaatualizada-pl.pdf
art_11_par_4_inc_I,art_11,inciso,I,I - a portabilidade de dados quando solicitada pelo titular; ou,vigente,,art_11_par_4,Dispositivo,lei-13709-14-agosto-2018-787077-normaatualizada-pl.pdf
art_11_par_4_inc_II,art_11,inciso,II,"II - as transações financeiras e administrativas resultantes do uso e da prestação dos serviços de que trata este parágrafo. (Inciso com redação dada pela Lei nº 13.853, de 8/7/2019)",vigente,"(Inciso com redação dada pela Lei nº 13.853, de 8/7/2019)",art_11_par_4,Dispositivo,lei-13709-14-agosto-2018-787077-normaatualizada-pl.pdf
art_11_par_5,art_11,parágrafo,§ 5º,"§ 5º É vedado às operadoras de planos privados de assistência à saúde o tratamento de dados de saúde para a prática de seleção de riscos na contratação de qualquer modalidade, assim como na contratação e exclusão de beneficiários. (Parágrafo acrescido pela Lei nº 13.853, de 8/7/2019)",vigente,"(Parágrafo acrescido pela Lei nº 13.853, de 8/7/2019)",art_11,Artigo,lei-13709-14-agosto-2018-787077-normaatualizada-pl.pdf
art_12_par_1,art_12,parágrafo,§ 1º,"§ 1º A determinação do que seja razoável deve levar em consideração fatores objetivos, tais como custo e tempo necessários para reverter o processo de anonimização, de acordo com as tecnologias disponíveis, e a utilização exclusiva de meios próprios.",vigente,,art_12,Artigo,lei-13709-14-agosto-2018-787077-normaatualizada-pl.pdf
art_12_par_2,art_12,parágrafo,§ 2º,"§ 2º Poderão ser igualmente considerados como dados pessoais, para os fins desta Lei, aqueles utilizados para formação do perfil comportamental de determinada pessoa natural, se identificada.",vigente,,art_12,Artigo,lei-13709-14-agosto-2018-787077-normaatualizada-pl.pdf
art_12_par_3,art_12,parágrafo,§ 3º,"§ 3º A autoridade nacional poderá dispor sobre padrões e técnicas utilizados em processos de anonimização e realizar verificações acerca de sua segurança, ouvido o Conselho Nacional de Proteção de Dados Pessoais.",vigente,,art_12,Artigo,lei-13709-14-agosto-2018-787077-normaatualizada-pl.pdf
art_13_par_1,art_13,parágrafo,§ 1º,§ 1º A divulgação dos resultados ou de qualquer excerto do estudo ou da pesquisa de que trata o caput deste artigo em nenhuma hipótese poderá revelar dados pessoais.,vigente,,art_13,Artigo,lei-13709-14-agosto-2018-787077-normaatualizada-pl.pdf
art_13_par_2,art_13,parágrafo,§ 2º,"§ 2º O órgão de pesquisa será o responsável pela segurança da informação prevista no caput deste artigo, não permitida, em circunstância alguma, a transferência dos dados a terceiro.",vigente,,art_13,Artigo,lei-13709-14-agosto-2018-787077-normaatualizada-pl.pdf
art_13_par_3,art_13,parágrafo,§ 3º,"§ 3º O acesso aos dados de que trata este artigo será objeto de regulamentação por parte da autoridade nacional e das autoridades da área de saúde e sanitárias, no âmbito de suas competências.",vigente,,art_13,Artigo,lei-13709-14-agosto-2018-787077-normaatualizada-pl.pdf
art_13_par_4,art_13,parágrafo,§ 4º,"§ 4º Para os efeitos deste artigo, a pseudonimização é o tratamento por meio do qual um dado perde a possibilidade de associação, direta ou indireta, a um indivíduo, senão pelo uso de informação adicional mantida separadamente pelo controlador em ambiente controlado e seguro.",vigente,,art_13,Artigo,lei-13709-14-agosto-2018-787077-normaatualizada-pl.pdf
art_14_par_1,art_14,parágrafo,§ 1º,§ 1º O tratamento de dados pessoais de crianças deverá ser realizado com o consentimento específico e em destaque dado por pelo menos um dos pais ou pelo responsável legal.,vigente,,art_14,Artigo,lei-13709-14-agosto-2018-787077-normaatualizada-pl.pdf
art_14_par_2,art_14,parágrafo,§ 2º,"§ 2º No tratamento de dados de que trata o § 1º deste artigo, os controladores deverão manter pública a informação sobre os tipos de dados coletados, a forma de sua utilização e os procedimentos para o exercício dos direitos a que se refere o art. 18 desta Lei.",vigente,,art_14,Artigo,lei-13709-14-agosto-2018-787077-normaatualizada-pl.pdf
art_14_par_3,art_14,parágrafo,§ 3º,"§ 3º Poderão ser coletados dados pessoais de crianças sem o consentimento a que se refere o § 1º deste artigo quando a coleta for necessária para contatar os pais ou o responsável legal, utilizados uma única vez e sem armazenamento, ou para sua proteção, e em nenhum caso poderão ser repassados a terceiro sem o consentimento de que trata o § 1º deste artigo.",vigente,,art_14,Artigo,lei-13709-14-agosto-2018-787077-normaatualizada-pl.pdf
art_14_par_4,art_14,parágrafo,§ 4º,"§ 4º Os controladores não deverão condicionar a participação dos titulares de que trata o § 1º deste artigo em jogos, aplicações de internet ou outras atividades ao fornecimento de informações pessoais além das estritamente necessárias à atividade.",vigente,,art_14,Artigo,lei-13709-14-agosto-2018-787077-normaatualizada-pl.pdf
art_14_par_5,art_14,parágrafo,§ 5º,"§ 5º O controlador deve realizar todos os esforços razoáveis para verificar que o consentimento a que se refere o § 1º deste artigo foi dado pelo responsável pela criança, consideradas as tecnologias disponíveis.",vigente,,art_14,Artigo,lei-13709-14-agosto-2018-787077-normaatualizada-pl.pdf
art_14_par_6,art_14,parágrafo,§ 6º,"§ 6º As informações sobre o tratamento de dados referidas neste artigo deverão ser fornecidas de maneira simples, clara e acessível, consideradas as características físico-motoras, perceptivas, sensoriais, intelectuais e mentais do usuário, com uso de recursos audiovisuais quando adequado, de forma a proporcionar a informação necessária aos pais ou ao responsável legal e adequada ao entendimento da criança.",vigente,,art_14,Artigo,lei-13709-14-agosto-2018-787077-normaatualizada-pl.pdf
art_15_inc_I,art_15,inciso,I,I - verificação de que a finalidade foi alcançada ou de que os dados deixaram de ser necessários ou pertinentes ao alcance da finalidade específica almejada;,vigente,,art_15,Artigo,lei-13709-14-agosto-2018-787077-normaatualizada-pl.pdf
art_15_inc_II,art_15,inciso,II,II - fim do período de tratamento;,vigente,,art_15,Artigo,lei-13709-14-agosto-2018-787077-normaatualizada-pl.pdf
art_15_inc_III,art_15,inciso,III,"III - comunicação do titular, inclusive no exercício de seu direito de revogação do consentimento conforme disposto no § 5º do art. 8º desta Lei, resguardado o interesse público; ou",vigente,,art_15,Artigo,lei-13709-14-agosto-2018-787077-normaatualizada-pl.pdf
art_15_inc_IV,art_15,inciso,IV,"IV - determinação da autoridade nacional, quando houver violação ao disposto nesta Lei.",vigente,,art_15,Artigo,lei-13709-14-agosto-2018-787077-normaatualizada-pl.pdf
art_16_inc_I,art_16,inciso,I,I - cumprimento de obrigação legal ou regulatória pelo controlador;,vigente,,art_16,Artigo,lei-13709-14-agosto-2018-787077-normaatualizada-pl.pdf
art_16_inc_II,art_16,inciso,II,"II - estudo por órgão de pesquisa, garantida, sempre que possível, a anonimização dos dados pessoais;",vigente,,art_16,Artigo,lei-13709-14-agosto-2018-787077-normaatualizada-pl.pdf
art_16_inc_III,art_16,inciso,III,"III - transferência a terceiro, desde que respeitados os requisitos de tratamento de dados dispostos nesta Lei; ou",vigente,,art_16,Artigo,lei-13709-14-agosto-2018-787077-normaatualizada-pl.pdf
art_16_inc_IV,art_16,inciso,IV,"IV - uso exclusivo do controlador, vedado seu acesso por terceiro, e desde que anonimizados os dados.",vigente,,art_16,Artigo,lei-13709-14-agosto-2018-787077-normaatualizada-pl.pdf
art_18_inc_I,art_18,inciso,I,I - confirmação da existência de tratamento;,vigente,,art_18,Artigo,lei-13709-14-agosto-2018-787077-normaatualizada-pl.pdf
art_18_inc_II,art_18,inciso,II,II - acesso aos dados;,vigente,,art_18,Artigo,lei-13709-14-agosto-2018-787077-normaatualizada-pl.pdf
art_18_inc_III,art_18,inciso,III,"III - correção de dados incompletos, inexatos ou desatualizados;",vigente,,art_18,Artigo,lei-13709-14-agosto-2018-787077-normaatualizada-pl.pdf
art_18_inc_IV,art_18,inciso,IV,"IV - anonimização, bloqueio ou eliminação de dados desnecessários, excessivos ou tratados em desconformidade com o disposto nesta Lei;",vigente,,art_18,Artigo,lei-13709-14-agosto-2018-787077-normaatualizada-pl.pdf
art_18_inc_V,art_18,inciso,V,"V - portabilidade dos dados a outro fornecedor de serviço ou produto, mediante requisição expressa, de acordo com a regulamentação da autoridade nacional, observados os segredos comercial e industrial; (Inciso com redação dada pela Lei nº 13.853, de 8/7/2019)",vigente,"(Inciso com redação dada pela Lei nº 13.853, de 8/7/2019)",art_18,Artigo,lei-13709-14-agosto-2018-787077-normaatualizada-pl.pdf
art_18_inc_VI,art_18,inciso,VI,"VI - eliminação dos dados pessoais tratados com o consentimento do titular, exceto nas hipóteses previstas no art. 16 desta Lei;",vigente,,art_18,Artigo,lei-13709-14-agosto-2018-787077-normaatualizada-pl.pdf
art_18_inc_VII,art_18,inciso,VII,VII - informação das entidades públicas e privadas com as quais o controlador realizou uso compartilhado de dados;,vigente,,art_18,Artigo,lei-13709-14-agosto-2018-787077-normaatualizada-pl.pdf
art_18_inc_VIII,art_18,inciso,VIII,VIII - informação sobre a possibilidade de não fornecer consentimento e sobre as consequências da negativa;,vigente,,art_18,Artigo,lei-13709-14-agosto-2018-787077-normaatualizada-pl.pdf
art_18_inc_IX,art_18,inciso,IX,"IX - revogação do consentimento, nos termos do § 5º do art. 8º desta Lei.",vigente,,art_18,Artigo,lei-13709-14-agosto-2018-787077-normaatualizada-pl.pdf
art_18_par_1,art_18,parágrafo,§ 1º,§ 1º O titular dos dados pessoais tem o direito de peticionar em relação aos seus dados contra o controlador perante a autoridade nacional.,vigente,,art_18,Artigo,lei-13709-14-agosto-2018-787077-normaatualizada-pl.pdf
art_18_par_2,art_18,parágrafo,§ 2º,"§ 2º O titular pode opor-se a tratamento realizado com fundamento em uma das hipóteses de dispensa de consentimento, em caso de descumprimento ao disposto nesta Lei.",vigente,,art_18,Artigo,lei-13709-14-agosto-2018-787077-normaatualizada-pl.pdf
art_18_par_3,art_18,parágrafo,§ 3º,"§ 3º Os direitos previstos neste artigo serão exercidos mediante requerimento expresso do titular ou de representante legalmente constituído, a agente de tratamento.",vigente,,art_18,Artigo,lei-13709-14-agosto-2018-787077-normaatualizada-pl.pdf
art_18_par_4,art_18,parágrafo,§ 4º,"§ 4º Em caso de impossibilidade de adoção imediata da providência de que trata o § 3º deste artigo, o controlador enviará ao titular resposta em que poderá:",vigente,,art_18,Artigo,lei-13709-14-agosto-2018-787077-normaatualizada-pl.pdf
art_18_par_4_inc_I,art_18,inciso,I,"I - comunicar que não é agente de tratamento dos dados e indicar, sempre que possível, o agente; ou",vigente,,art_18_par_4,Dispositivo,lei-13709-14-agosto-2018-787077-normaatualizada-pl.pdf
art_18_par_4_inc_II,art_18,inciso,II,II - indicar as razões de fato ou de direito que impedem a adoção imediata da providência.,vigente,,art_18_par_4,Dispositivo,lei-13709-14-agosto-2018-787077-normaatualizada-pl.pdf
art_18_par_5,art_18,parágrafo,§ 5º,"§ 5º O requerimento referido no § 3º deste artigo será atendido sem custos para o titular, nos prazos e nos termos previstos em regulamento.",vigente,,art_18,Artigo,lei-13709-14-agosto-2018-787077-normaatualizada-pl.pdf
art_18_par_6,art_18,parágrafo,§ 6º,"§ 6º O responsável deverá informar, de maneira imediata, aos agentes de tratamento com os quais tenha realizado uso compartilhado de dados a correção, a eliminação, a anonimização ou o bloqueio dos dados, para que repitam idêntico procedimento, exceto nos casos em que esta comunicação seja comprovadamente impossível ou implique esforço desproporcional. (Parágrafo com redação dada pela Lei nº 13.853, de 8/7/2019)",vigente,"(Parágrafo com redação dada pela Lei nº 13.853, de 8/7/2019)",art_18,Artigo,lei-13709-14-agosto-2018-787077-normaatualizada-pl.pdf
art_18_par_7,art_18,parágrafo,§ 7º,§ 7º A portabilidade dos dados pessoais a que se refere o inciso V do caput deste artigo não inclui dados que já tenham sido anonimizados pelo controlador.,vigente,,art_18,Artigo,lei-13709-14-agosto-2018-787077-normaatualizada-pl.pdf
art_18_par_8,art_18,parágrafo,§ 8º,§ 8º O direito a que se refere o § 1º deste artigo também poderá ser exercido perante os organismos de defesa do consumidor.,vigente,,art_18,Artigo,lei-13709-14-agosto-2018-787077-normaatualizada-pl.pdf
art_19_inc_I,art_19,inciso,I,"I - em formato simplificado, imediatamente; ou",vigente,,art_19,Artigo,lei-13709-14-agosto-2018-787077-normaatualizada-pl.pdf
art_19_inc_II,art_19,inciso,II,"II - por meio de declaração clara e completa, que indique a origem dos dados, a inexistência de registro, os critérios utilizados e a finalidade do tratamento, observados os segredos comercial e industrial, fornecida no prazo de até 15 (quinze) dias, contado da data do requerimento do titular.",vigente,,art_19,Artigo,lei-13709-14-agosto-2018-787077-normaatualizada-pl.pdf
art_19_par_1,art_19,parágrafo,§ 1º,§ 1º Os dados pessoais serão armazenados em formato que favoreça o exercício do direito de acesso.,vigente,,art_19,Artigo,lei-13709-14-agosto-2018-787077-normaatualizada-pl.pdf
art_19_par_2,art_19,parágrafo,§ 2º,"§ 2º As informações e os dados poderão ser fornecidos, a critério do titular:",vigente,,art_19,Artigo,lei-13709-14-agosto-2018-787077-normaatualizada-pl.pdf
art_19_par_2_inc_I,art_19,inciso,I,"I - por meio eletrônico, seguro e idôneo para esse fim; ou",vigente,,art_19_par_2,Dispositivo,lei-13709-14-agosto-2018-787077-normaatualizada-pl.pdf
art_19_par_2_inc_II,art_19,inciso,II,II - sob forma impressa.,vigente,,art_19_par_2,Dispositivo,lei-13709-14-agosto-2018-787077-normaatualizada-pl.pdf
art_19_par_3,art_19,parágrafo,§ 3º,"§ 3º Quando o tratamento tiver origem no consentimento do titular ou em contrato, o titular poderá solicitar cópia eletrônica integral de seus dados pessoais, observados os segredos comercial e industrial, nos termos de regulamentação da autoridade nacional, em formato que permita a sua utilização subsequente, inclusive em outras operações de tratamento.",vigente,,art_19,Artigo,lei-13709-14-agosto-2018-787077-normaatualizada-pl.pdf
art_19_par_4,art_19,parágrafo,§ 4º,§ 4º A autoridade nacional poderá dispor de forma diferenciada acerca dos prazos previstos nos incisos I e II do caput deste artigo para os setores específicos.,vigente,,art_19,Artigo,lei-13709-14-agosto-2018-787077-normaatualizada-pl.pdf
art_20_par_1,art_20,parágrafo,§ 1º,"§ 1º O controlador deverá fornecer, sempre que solicitadas, informações claras e adequadas a respeito dos critérios e dos procedimentos utilizados para a decisão automatizada, observados os segredos comercial e industrial.",vigente,,art_20,Artigo,lei-13709-14-agosto-2018-787077-normaatualizada-pl.pdf
art_20_par_2,art_20,parágrafo,§ 2º,"§ 2º Em caso de não oferecimento de informações de que trata o § 1º deste artigo baseado na observância de segredo comercial e industrial, a autoridade nacional poderá realizar auditoria para verificação de aspectos discriminatórios em tratamento automatizado de dados pessoais.",vigente,,art_20,Artigo,lei-13709-14-agosto-2018-787077-normaatualizada-pl.pdf
art_20_par_3,art_20,parágrafo,§ 3º,"§ 3º (VETADO na Lei nº 13.853, de 8/7/2019)",vetado,,art_20,Artigo,lei-13709-14-agosto-2018-787077-normaatualizada-pl.pdf
art_23_inc_I,art_23,inciso,I,"I - sejam informadas as hipóteses em que, no exercício de suas competências, realizam o tratamento de dados pessoais, fornecendo informações claras e atualizadas sobre a previsão legal, a finalidade, os procedimentos e as práticas utilizadas para a execução dessas atividades, em veículos de fácil acesso, preferencialmente em seus sítios eletrônicos;",vigente,,art_23,Artigo,lei-13709-14-agosto-2018-787077-normaatualizada-pl.pdf
art_23_inc_II,art_23,inciso,II,II - (VETADO); e,vetado,,art_23,Artigo,lei-13709-14-agosto-2018-787077-normaatualizada-pl.pdf
art_23_inc_III,art_23,inciso,III,"III - seja indicado um encarregado quando realizarem operações de tratamento de dados pessoais, nos termos do art. 39 desta Lei; e (Inciso com redação dada pela Lei nº 13.853, de 8/7/2019)",vigente,"(Inciso com redação dada pela Lei nº 13.853, de 8/7/2019)",art_23,Artigo,lei-13709-14-agosto-2018-787077-normaatualizada-pl.pdf
art_23_inc_IV,art_23,inciso,IV,"IV - (Vetado na Lei nº 13.853, de 8/7/2019)",vigente,,art_23,Artigo,lei-13709-14-agosto-2018-787077-normaatualizada-pl.pdf
art_23_par_1,art_23,parágrafo,§ 1º,§ 1º A autoridade nacional poderá dispor sobre as formas de publicidade das operações de tratamento.,vigente,,art_23,Artigo,lei-13709-14-agosto-2018-787077-normaatualizada-pl.pdf
art_23_par_2,art_23,parágrafo,§ 2º,"§ 2º O disposto nesta Lei não dispensa as pessoas jurídicas mencionadas no caput deste artigo de instituir as autoridades de que trata a Lei nº 12.527, de 18 de novembro de 2011 (Lei de Acesso à Informação).",vigente,,art_23,Artigo,lei-13709-14-agosto-2018-787077-normaatualizada-pl.pdf
art_23_par_3,art_23,parágrafo,§ 3º,"§ 3º Os prazos e procedimentos para exercício dos direitos do titular perante o Poder Público observarão o disposto em legislação específica, em especial as disposições constantes da Lei nº 9.507, de 12 de novembro de 1997 (Lei do Habeas Data), da Lei nº 9.784, de 29 de janeiro de 1999 (Lei Geral do Processo Administrativo), e da Lei nº 12.527, de 18 de novembro de 2011 (Lei de Acesso à Informação).",vigente,,art_23,Artigo,lei-13709-14-agosto-2018-787077-normaatualizada-pl.pdf
art_23_par_4,art_23,parágrafo,§ 4º,"§ 4º Os serviços notariais e de registro exercidos em caráter privado, por delegação do Poder Público, terão o mesmo tratamento dispensado às pessoas jurídicas referidas no caput deste artigo, nos termos desta Lei.",vigente,,art_23,Artigo,lei-13709-14-agosto-2018-787077-normaatualizada-pl.pdf
art_23_par_5,art_23,parágrafo,§ 5º,"§ 5º Os órgãos notariais e de registro devem fornecer acesso aos dados por meio eletrônico para a administração pública, tendo em vista as finalidades de que trata o caput deste artigo.",vigente,,art_23,Artigo,lei-13709-14-agosto-2018-787077-normaatualizada-pl.pdf
art_24_pu,art_24,parágrafo único,Parágrafo único,"Parágrafo único. As empresas públicas e as sociedades de economia mista, quando estiverem operacionalizando políticas públicas e no âmbito da execução delas, terão o mesmo tratamento dispensado aos órgãos e às entidades do Poder Público, nos termos deste Capítulo.",vigente,,art_24,Artigo,lei-13709-14-agosto-2018-787077-normaatualizada-pl.pdf
art_26_par_1,art_26,parágrafo,§ 1º,"§ 1º É vedado ao Poder Público transferir a entidades privadas dados pessoais constantes de bases de dados a que tenha acesso, exceto:",vigente,,art_26,Artigo,lei-13709-14-agosto-2018-787077-normaatualizada-pl.pdf
art_26_par_1_inc_I,art_26,inciso,I,"I - em casos de execução descentralizada de atividade pública que exija a transferência, exclusivamente para esse fim específico e determinado, observado o disposto na Lei nº 12.527, de 18 de novembro de 2011 (Lei de Acesso à Informação);",vigente,,art_26_par_1,Dispositivo,lei-13709-14-agosto-2018-787077-normaatualizada-pl.pdf
art_26_par_1_inc_II,art_26,inciso,II,II - (VETADO);,vetado,,art_26_par_1,Dispositivo,lei-13709-14-agosto-2018-787077-normaatualizada-pl.pdf
art_26_par_1_inc_III,art_26,inciso,III,"III - nos casos em que os dados forem acessíveis publicamente, observadas as disposições desta Lei;",vigente,,art_26_par_1,Dispositivo,lei-13709-14-agosto-2018-787077-normaatualizada-pl.pdf
art_26_par_1_inc_IV,art_26,inciso,IV,"IV - quando houver previsão legal ou a transferência for respaldada em contratos, convênios ou instrumentos congêneres; ou (Inciso acrescido pela Medida Provisória nº 869, de 27/12/2018, convertida na Lei nº 13.853, de 8/7/2019)",vigente,"(Inciso acrescido pela Medida Provisória nº 869, de 27/12/2018, convertida na Lei nº 13.853, de 8/7/2019)",art_26_par_1,Dispositivo,lei-13709-14-agosto-2018-787077-normaatualizada-pl.pdf
art_26_par_1_inc_V,art_26,inciso,V,"V - na hipótese de a transferência dos dados objetivar exclusivamente a prevenção de fraudes e irregularidades, ou proteger e resguardar a segurança e a integridade do titular dos dados, desde que vedado o tratamento para outras finalidades. (Inciso acrescido pela Medida Provisória nº 869, de 27/12/2018, convertida na Lei nº 13.853, de 8/7/2019)",vigente,"(Inciso acrescido pela Medida Provisória nº 869, de 27/12/2018, convertida na Lei nº 13.853, de 8/7/2019)",art_26_par_1,Dispositivo,lei-13709-14-agosto-2018-787077-normaatualizada-pl.pdf
art_26_par_2,art_26,parágrafo,§ 2º,§ 2º Os contratos e convênios de que trata o § 1º deste artigo deverão ser comunicados à autoridade nacional.,vigente,,art_26,Artigo,lei-13709-14-agosto-2018-787077-normaatualizada-pl.pdf
art_27_inc_I,art_27,inciso,I,I - nas hipóteses de dispensa de consentimento previstas nesta Lei;,vigente,,art_27,Artigo,lei-13709-14-agosto-2018-787077-normaatualizada-pl.pdf
art_27_inc_II,art_27,inciso,II,"II - nos casos de uso compartilhado de dados, em que será dada publicidade nos termos do inciso I do caput do art. 23 desta Lei; ou",vigente,,art_27,Artigo,lei-13709-14-agosto-2018-787077-normaatualizada-pl.pdf
art_27_inc_III,art_27,inciso,III,III - nas exceções constantes do § 1º do art. 26 desta Lei.,vigente,,art_27,Artigo,lei-13709-14-agosto-2018-787077-normaatualizada-pl.pdf
art_27_pu,art_27,parágrafo único,Parágrafo único,"Parágrafo único. A informação à autoridade nacional de que trata o caput deste artigo será objeto de regulamentação. (Parágrafo único acrescido pela Lei nº 13.853, de 8/7/2019)",vigente,"(Parágrafo único acrescido pela Lei nº 13.853, de 8/7/2019)",art_27,Artigo,lei-13709-14-agosto-2018-787077-normaatualizada-pl.pdf
art_33_inc_I,art_33,inciso,I,I - para países ou organismos internacionais que proporcionem grau de proteção de dados pessoais adequado ao previsto nesta Lei;,vigente,,art_33,Artigo,lei-13709-14-agosto-2018-787077-normaatualizada-pl.pdf
art_33_inc_II,art_33,inciso,II,"II - quando o controlador oferecer e comprovar garantias de cumprimento dos princípios, dos direitos do titular e do regime de proteção de dados previstos nesta Lei, na forma de:",vigente,,art_33,Artigo,lei-13709-14-agosto-2018-787077-normaatualizada-pl.pdf
art_33_inc_II_ali_a,art_33,alínea,a),a) cláusulas contratuais específicas para determinada transferência;,vigente,,art_33_inc_II,Dispositivo,lei-13709-14-agosto-2018-787077-normaatualizada-pl.pdf
art_33_inc_II_ali_b,art_33,alínea,b),b) cláusulas-padrão contratuais;,vigente,,art_33_inc_II,Dispositivo,lei-13709-14-agosto-2018-787077-normaatualizada-pl.pdf
art_33_inc_II_ali_c,art_33,alínea,c),c) normas corporativas globais;,vigente,,art_33_inc_II,Dispositivo,lei-13709-14-agosto-2018-787077-normaatualizada-pl.pdf
art_33_inc_II_ali_d,art_33,alínea,d),"d) selos, certificados e códigos de conduta regularmente emitidos;",vigente,,art_33_inc_II,Dispositivo,lei-13709-14-agosto-2018-787077-normaatualizada-pl.pdf
art_33_inc_III,art_33,inciso,III,"III - quando a transferência for necessária para a cooperação jurídica internacional entre órgãos públicos de inteligência, de investigação e de persecução, de acordo com os instrumentos de direito internacional;",vigente,,art_33,Artigo,lei-13709-14-agosto-2018-787077-normaatualizada-pl.pdf
art_33_inc_IV,art_33,inciso,IV,IV - quando a transferência for necessária para a proteção da vida ou da incolumidade física do titular ou de terceiro;,vigente,,art_33,Artigo,lei-13709-14-agosto-2018-787077-normaatualizada-pl.pdf
art_33_inc_V,art_33,inciso,V,V - quando a autoridade nacional autorizar a transferência;,vigente,,art_33,Artigo,lei-13709-14-agosto-2018-787077-normaatualizada-pl.pdf
art_33_inc_VI,art_33,inciso,VI,VI - quando a transferência resultar em compromisso assumido em acordo de cooperação internacional;,vigente,,art_33,Artigo,lei-13709-14-agosto-2018-787077-normaatualizada-pl.pdf
art_33_inc_VII,art_33,inciso,VII,"VII - quando a transferência for necessária para a execução de política pública ou atribuição legal do serviço público, sendo dada publicidade nos termos do inciso I do caput do art. 23 desta Lei;",vigente,,art_33,Artigo,lei-13709-14-agosto-2018-787077-normaatualizada-pl.pdf
art_33_inc_VIII,art_33,inciso,VIII,"VIII - quando o titular tiver fornecido o seu consentimento específico e em destaque para a transferência, com informação prévia sobre o caráter internacional da operação, distinguindo claramente esta de outras finalidades; ou",vigente,,art_33,Artigo,lei-13709-14-agosto-2018-787077-normaatualizada-pl.pdf
art_33_inc_IX,art_33,inciso,IX,"IX - quando necessário para atender as hipóteses previstas nos incisos II, V e VI do art. 7º desta Lei.",vigente,,art_33,Artigo,lei-13709-14-agosto-2018-787077-normaatualizada-pl.pdf
art_33_pu,art_33,parágrafo único,Parágrafo único,"Parágrafo único. Para os fins do inciso I deste artigo, as pessoas jurídicas de direito público referidas no parágrafo único do art. 1º da Lei nº 12.527, de 18 de novembro de 2011 (Lei de Acesso à Informação), no âmbito de suas competências legais, e responsáveis, no âmbito de suas atividades, poderão requerer à autoridade nacional a avaliação do nível de proteção a dados pessoais conferido por país ou organismo internacional.",vigente,,art_33,Artigo,lei-13709-14-agosto-2018-787077-normaatualizada-pl.pdf
art_34_inc_I,art_34,inciso,I,I - as normas gerais e setoriais da legislação em vigor no país de destino ou no organismo internacional;,vigente,,art_34,Artigo,lei-13709-14-agosto-2018-787077-normaatualizada-pl.pdf
art_34_inc_II,art_34,inciso,II,II - a natureza dos dados;,vigente,,art_34,Artigo,lei-13709-14-agosto-2018-787077-normaatualizada-pl.pdf
art_34_inc_III,art_34,inciso,III,III - a observância dos princípios gerais de proteção de dados pessoais e direitos dos titulares previstos nesta Lei;,vigente,,art_34,Artigo,lei-13709-14-agosto-2018-787077-normaatualizada-pl.pdf
art_34_inc_IV,art_34,inciso,IV,IV - a adoção de medidas de segurança previstas em regulamento;,vigente,,art_34,Artigo,lei-13709-14-agosto-2018-787077-normaatualizada-pl.pdf
art_34_inc_V,art_34,inciso,V,V - a existência de garantias judiciais e institucionais para o respeito aos direitos de proteção de dados pessoais; e,vigente,,art_34,Artigo,lei-13709-14-agosto-2018-787077-normaatualizada-pl.pdf
art_34_inc_VI,art_34,inciso,VI,VI - outras circunstâncias específicas relativas à transferência.,vigente,,art_34,Artigo,lei-13709-14-agosto-2018-787077-normaatualizada-pl.pdf
art_35_par_1,art_35,parágrafo,§ 1º,"§ 1º Para a verificação do disposto no caput deste artigo, deverão ser considerados os requisitos, as condições e as garantias mínimas para a transferência que observem os direitos, as garantias e os princípios desta Lei.",vigente,,art_35,Artigo,lei-13709-14-agosto-2018-787077-normaatualizada-pl.pdf
art_35_par_2,art_35,parágrafo,§ 2º,"§ 2º Na análise de cláusulas contratuais, de documentos ou de normas corporativas globais submetidas à aprovação da autoridade nacional, poderão ser requeridas informações suplementares ou realizadas diligências de verificação quanto às operações de tratamento, quando necessário.",vigente,,art_35,Artigo,lei-13709-14-agosto-2018-787077-normaatualizada-pl.pdf
art_35_par_3,art_35,parágrafo,§ 3º,"§ 3º A autoridade nacional poderá designar organismos de certificação para a realização do previsto no caput deste artigo, que permanecerão sob sua fiscalização nos termos definidos em regulamento.",vigente,,art_35,Artigo,lei-13709-14-agosto-2018-787077-normaatualizada-pl.pdf
art_35_par_4,art_35,parágrafo,§ 4º,"§ 4º Os atos realizados por organismo de certificação poderão ser revistos pela autoridade nacional e, caso em desconformidade com esta Lei, submetidos a revisão ou anulados.",vigente,,art_35,Artigo,lei-13709-14-agosto-2018-787077-normaatualizada-pl.pdf
art_35_par_5,art_35,parágrafo,§ 5º,"§ 5º As garantias suficientes de observância dos princípios gerais de proteção e dos direitos do titular referidas no caput deste artigo serão também analisadas de acordo com as medidas técnicas e organizacionais adotadas pelo operador, de acordo com o previsto nos §§ 1º e 2º do art. 46 desta Lei.",vigente,,art_35,Artigo,lei-13709-14-agosto-2018-787077-normaatualizada-pl.pdf
art_38_pu,art_38,parágrafo único,Parágrafo único,"Parágrafo único. Observado o disposto no caput deste artigo, o relatório deverá conter, no mínimo, a descrição dos tipos de dados coletados, a metodologia utilizada para a coleta e para a garantia da segurança das informações e a análise do controlador com relação a medidas, salvaguardas e mecanismos de mitigação de risco adotados.",vigente,,art_38,Artigo,lei-13709-14-agosto-2018-787077-normaatualizada-pl.pdf
art_41_par_1,art_41,parágrafo,§ 1º,"§ 1º A identidade e as informações de contato do encarregado deverão ser divulgadas publicamente, de forma clara e objetiva, preferencialmente no sítio eletrônico do controlador.",vigente,,art_41,Artigo,lei-13709-14-agosto-2018-787077-normaatualizada-pl.pdf
art_41_par_2,art_41,parágrafo,§ 2º,§ 2º As atividades do encarregado consistem em:,vigente,,art_41,Artigo,lei-13709-14-agosto-2018-787077-normaatualizada-pl.pdf
art_41_par_2_inc_I,art_41,inciso,I,"I - aceitar reclamações e comunicações dos titulares, prestar esclarecimentos e adotar providências;",vigente,,art_41_par_2,Dispositivo,lei-13709-14-agosto-2018-787077-normaatualizada-pl.pdf
art_41_par_2_inc_II,art_41,inciso,II,II - receber comunicações da autoridade nacional e adotar providências;,vigente,,art_41_par_2,Dispositivo,lei-13709-14-agosto-2018-787077-normaatualizada-pl.pdf
art_41_par_2_inc_III,art_41,inciso,III,III - orientar os funcionários e os contratados da entidade a respeito das práticas a serem tomadas em relação à proteção de dados pessoais; e,vigente,,art_41_par_2,Dispositivo,lei-13709-14-agosto-2018-787077-normaatualizada-pl.pdf
art_41_par_2_inc_IV,art_41,inciso,IV,IV - executar as demais atribuições determinadas pelo controlador ou estabelecidas em normas complementares.,vigente,,art_41_par_2,Dispositivo,lei-13709-14-agosto-2018-787077-normaatualizada-pl.pdf
art_41_par_3,art_41,parágrafo,§ 3º,"§ 3º A autoridade nacional poderá estabelecer normas complementares sobre a definição e as atribuições do encarregado, inclusive hipóteses de dispensa da necessidade de sua indicação, conforme a natureza e o porte da entidade ou o volume de operações de tratamento de dados.",vigente,,art_41,Artigo,lei-13709-14-agosto-2018-787077-normaatualizada-pl.pdf
art_41_par_4,art_41,parágrafo,§ 4º,"§ 4º (Vetado na Lei nº 13.853, de 8/7/2019)",vigente,,art_41,Artigo,lei-13709-14-agosto-2018-787077-normaatualizada-pl.pdf
art_42_par_1,art_42,parágrafo,§ 1º,§ 1º A fim de assegurar a efetiva indenização ao titular dos dados:,vigente,,art_42,Artigo,lei-13709-14-agosto-2018-787077-normaatualizada-pl.pdf
art_42_par_1_inc_I,art_42,inciso,I,"I - o operador responde solidariamente pelos danos causados pelo tratamento quando descumprir as obrigações da legislação de proteção de dados ou quando não tiver seguido as instruções lícitas do controlador, hipótese em que o operador equipara-se ao controlador, salvo nos casos de exclusão previstos no art. 43 desta Lei;",vigente,,art_42_par_1,Dispositivo,lei-13709-14-agosto-2018-787077-normaatualizada-pl.pdf
art_42_par_1_inc_II,art_42,inciso,II,"II - os controladores que estiverem diretamente envolvidos no tratamento do qual decorreram danos ao titular dos dados respondem solidariamente, salvo nos casos de exclusão previstos no art. 43 desta Lei.",vigente,,art_42_par_1,Dispositivo,lei-13709-14-agosto-2018-787077-normaatualizada-pl.pdf
art_42_par_2,art_42,parágrafo,§ 2º,"§ 2º O juiz, no processo civil, poderá inverter o ônus da prova a favor do titular dos dados quando, a seu juízo, for verossímil a alegação, houver hipossuficiência para fins de produção de prova ou quando a produção de prova pelo titular resultar-lhe excessivamente onerosa.",vigente,,art_42,Artigo,lei-13709-14-agosto-2018-787077-normaatualizada-pl.pdf
art_42_par_3,art_42,parágrafo,§ 3º,"§ 3º As ações de reparação por danos coletivos que tenham por objeto a responsabilização nos termos do caput deste artigo podem ser exercidas coletivamente em juízo, observado o disposto na legislação pertinente.",vigente,,art_42,Artigo,lei-13709-14-agosto-2018-787077-normaatualizada-pl.pdf
art_42_par_4,art_42,parágrafo,§ 4º,"§ 4º Aquele que reparar o dano ao titular tem direito de regresso contra os demais responsáveis, na medida de sua participação no evento danoso.",vigente,,art_42,Artigo,lei-13709-14-agosto-2018-787077-normaatualizada-pl.pdf
art_43_inc_I,art_43,inciso,I,I - que não realizaram o tratamento de dados pessoais que lhes é atribuído;,vigente,,art_43,Artigo,lei-13709-14-agosto-2018-787077-normaatualizada-pl.pdf
art_43_inc_II,art_43,inciso,II,"II - que, embora tenham realizado o tratamento de dados pessoais que lhes é atribuído, não houve violação à legislação de proteção de dados; ou",vigente,,art_43,Artigo,lei-13709-14-agosto-2018-787077-normaatualizada-pl.pdf
art_43_inc_III,art_43,inciso,III,III - que o dano é decorrente de culpa exclusiva do titular dos dados ou de terceiro.,vigente,,art_43,Artigo,lei-13709-14-agosto-2018-787077-normaatualizada-pl.pdf
art_44_inc_I,art_44,inciso,I,I - o modo pelo qual é realizado;,vigente,,art_44,Artigo,lei-13709-14-agosto-2018-787077-normaatualizada-pl.pdf
art_44_inc_II,art_44,inciso,II,II - o resultado e os riscos que razoavelmente dele se esperam;,vigente,,art_44,Artigo,lei-13709-14-agosto-2018-787077-normaatualizada-pl.pdf
art_44_inc_III,art_44,inciso,III,III - as técnicas de tratamento de dados pessoais disponíveis à época em que foi realizado.,vigente,,art_44,Artigo,lei-13709-14-agosto-2018-787077-normaatualizada-pl.pdf
art_44_pu,art_44,parágrafo único,Parágrafo único,"Parágrafo único. Responde pelos danos decorrentes da violação da segurança dos dados o controlador ou o operador que, ao deixar de adotar as medidas de segurança previstas no art. 46 desta Lei, der causa ao dano.",vigente,,art_44,Artigo,lei-13709-14-agosto-2018-787077-normaatualizada-pl.pdf
art_46_par_1,art_46,parágrafo,§ 1º,"§ 1º A autoridade nacional poderá dispor sobre padrões técnicos mínimos para tornar aplicável o disposto no caput deste artigo, considerados a natureza das informações tratadas, as características específicas do tratamento e o estado atual da tecnologia, especialmente no caso de dados pessoais sensíveis, assim como os princípios previstos no caput do art. 6º desta Lei.",vigente,,art_46,Artigo,lei-13709-14-agosto-2018-787077-normaatualizada-pl.pdf
art_46_par_2,art_46,parágrafo,§ 2º,§ 2º As medidas de que trata o caput deste artigo deverão ser observadas desde a fase de concepção do produto ou do serviço até a sua execução.,vigente,,art_46,Artigo,lei-13709-14-agosto-2018-787077-normaatualizada-pl.pdf
art_48_par_1,art_48,parágrafo,§ 1º,"§ 1º A comunicação será feita em prazo razoável, conforme definido pela autoridade nacional, e deverá mencionar, no mínimo:",vigente,,art_48,Artigo,lei-13709-14-agosto-2018-787077-normaatualizada-pl.pdf
art_48_par_1_inc_I,art_48,inciso,I,I - a descrição da natureza dos dados pessoais afetados;,vigente,,art_48_par_1,Dispositivo,lei-13709-14-agosto-2018-787077-normaatualizada-pl.pdf
art_48_par_1_inc_II,art_48,inciso,II,II - as informações sobre os titulares envolvidos;,vigente,,art_48_par_1,Dispositivo,lei-13709-14-agosto-2018-787077-normaatualizada-pl.pdf
art_48_par_1_inc_III,art_48,inciso,III,"III - a indicação das medidas técnicas e de segurança utilizadas para a proteção dos dados, observados os segredos comercial e industrial;",vigente,,art_48_par_1,Dispositivo,lei-13709-14-agosto-2018-787077-normaatualizada-pl.pdf
art_48_par_1_inc_IV,art_48,inciso,IV,IV - os riscos relacionados ao incidente;,vigente,,art_48_par_1,Dispositivo,lei-13709-14-agosto-2018-787077-normaatualizada-pl.pdf
art_48_par_1_inc_V,art_48,inciso,V,"V - os motivos da demora, no caso de a comunicação não ter sido imediata; e",vigente,,art_48_par_1,Dispositivo,lei-13709-14-agosto-2018-787077-normaatualizada-pl.pdf
art_48_par_1_inc_VI,art_48,inciso,VI,VI - as medidas que foram ou que serão adotadas para reverter ou mitigar os efeitos do prejuízo.,vigente,,art_48_par_1,Dispositivo,lei-13709-14-agosto-2018-787077-normaatualizada-pl.pdf
art_48_par_2,art_48,parágrafo,§ 2º,"§ 2º A autoridade nacional verificará a gravidade do incidente e poderá, caso necessário para a salvaguarda dos direitos dos titulares, determinar ao controlador a adoção de providências, tais como:",vigente,,art_48,Artigo,lei-13709-14-agosto-2018-787077-normaatualizada-pl.pdf
art_48_par_2_inc_I,art_48,inciso,I,I - ampla divulgação do fato em meios de comunicação; e,vigente,,art_48_par_2,Dispositivo,lei-13709-14-agosto-2018-787077-normaatualizada-pl.pdf
art_48_par_2_inc_II,art_48,inciso,II,II - medidas para reverter ou mitigar os efeitos do incidente.,vigente,,art_48_par_2,Dispositivo,lei-13709-14-agosto-2018-787077-normaatualizada-pl.pdf
art_48_par_3,art_48,parágrafo,§ 3º,"§ 3º No juízo de gravidade do incidente, será avaliada eventual comprovação de que foram adotadas medidas técnicas adequadas que tornem os dados pessoais afetados ininteligíveis, no âmbito e nos limites técnicos de seus serviços, para terceiros não autorizados a acessá-los.",vigente,,art_48,Artigo,lei-13709-14-agosto-2018-787077-normaatualizada-pl.pdf
art_50_par_1,art_50,parágrafo,§ 1º,"§ 1º Ao estabelecer regras de boas práticas, o controlador e o operador levarão em consideração, em relação ao tratamento e aos dados, a natureza, o escopo, a finalidade e a probabilidade e a gravidade dos riscos e dos benefícios decorrentes de tratamento de dados do titular.",vigente,,art_50,Artigo,lei-13709-14-agosto-2018-787077-normaatualizada-pl.pdf
art_50_par_2,art_50,parágrafo,§ 2º,"§ 2º Na aplicação dos princípios indicados nos incisos VII e VIII do caput do art. 6º desta Lei, o controlador, observados a estrutura, a escala e o volume de suas operações, bem como a sensibilidade dos dados tratados e a probabilidade e a gravidade dos danos para os titulares dos dados, poderá:",vigente,,art_50,Artigo,lei-13709-14-agosto-2018-787077-normaatualizada-pl.pdf
art_50_par_2_inc_I,art_50,inciso,I,"I - implementar programa de governança em privacidade que, no mínimo:",vigente,,art_50_par_2,Dispositivo,lei-13709-14-agosto-2018-787077-normaatualizada-pl.pdf
art_50_par_2_inc_I_ali_a,art_50,alínea,a),"a) demonstre o comprometimento do controlador em adotar processos e políticas internas que assegurem o cumprimento, de forma abrangente, de normas e boas práticas relativas à proteção de dados pessoais;",vigente,,art_50_par_2_inc_I,Dispositivo,lei-13709-14-agosto-2018-787077-normaatualizada-pl.pdf
art_50_par_2_inc_I_ali_b,art_50,alínea,b),"b) seja aplicável a todo o conjunto de dados pessoais que estejam sob seu controle, independentemente do modo como se realizou sua coleta;",vigente,,art_50_par_2_inc_I,Dispositivo,lei-13709-14-agosto-2018-787077-normaatualizada-pl.pdf
art_50_par_2_inc_I_ali_c,art_50,alínea,c),"c) seja adaptado à estrutura, à escala e ao volume de suas operações, bem como à sensibilidade dos dados tratados;",vigente,,art_50_par_2_inc_I,Dispositivo,lei-13709-14-agosto-2018-787077-normaatualizada-pl.pdf
art_50_par_2_inc_I_ali_d,art_50,alínea,d),d) estabeleça políticas e salvaguardas adequadas com base em processo de avaliação sistemática de impactos e riscos à privacidade;,vigente,,art_50_par_2_inc_I,Dispositivo,lei-13709-14-agosto-2018-787077-normaatualizada-pl.pdf
art_50_par_2_inc_I_ali_e,art_50,alínea,e),"e) tenha o objetivo de estabelecer relação de confiança com o titular, por meio de atuação transparente e que assegure mecanismos de participação do titular;",vigente,,art_50_par_2_inc_I,Dispositivo,lei-13709-14-agosto-2018-787077-normaatualizada-pl.pdf
art_50_par_2_inc_I_ali_f,art_50,alínea,f),f) esteja integrado a sua estrutura geral de governança e estabeleça e aplique mecanismos de supervisão internos e externos;,vigente,,art_50_par_2_inc_I,Dispositivo,lei-13709-14-agosto-2018-787077-normaatualizada-pl.pdf
art_50_par_2_inc_I_ali_g,art_50,alínea,g),g) conte com planos de resposta a incidentes e remediação; e,vigente,,art_50_par_2_inc_I,Dispositivo,lei-13709-14-agosto-2018-787077-normaatualizada-pl.pdf
art_50_par_2_inc_I_ali_h,art_50,alínea,h),h) seja atualizado constantemente com base em informações obtidas a partir de monitoramento contínuo e avaliações periódicas;,vigente,,art_50_par_2_inc_I,Dispositivo,lei-13709-14-agosto-2018-787077-normaatualizada-pl.pdf
art_50_par_2_inc_II,art_50,inciso,II,"II - demonstrar a efetividade de seu programa de governança em privacidade quando apropriado e, em especial, a pedido da autoridade nacional ou de outra entidade responsável por promover o cumprimento de boas práticas ou códigos de conduta, os quais, de forma independente, promovam o cumprimento desta Lei.",vigente,,art_50_par_2,Dispositivo,lei-13709-14-agosto-2018-787077-normaatualizada-pl.pdf
art_50_par_3,art_50,parágrafo,§ 3º,§ 3º As regras de boas práticas e de governança deverão ser publicadas e atualizadas periodicamente e poderão ser reconhecidas e divulgadas pela autoridade nacional.,vigente,,art_50,Artigo,lei-13709-14-agosto-2018-787077-normaatualizada-pl.pdf
art_52_inc_I,art_52,inciso,I,"I - advertência, com indicação de prazo para adoção de medidas corretivas;",vigente,,art_52,Artigo,lei-13709-14-agosto-2018-787077-normaatualizada-pl.pdf
art_52_inc_II,art_52,inciso,II,"II - multa simples, de até 2% (dois por cento) do faturamento da pessoa jurídica de direito privado, grupo ou conglomerado no Brasil no seu último exercício, excluídos os tributos, limitada, no total, a R$ 50.000.000,00 (cinquenta milhões de reais) por infração;",vigente,,art_52,Artigo,lei-13709-14-agosto-2018-787077-normaatualizada-pl.pdf
art_52_inc_III,art_52,inciso,III,"III - multa diária, observado o limite total a que se refere o inciso II;",vigente,,art_52,Artigo,lei-13709-14-agosto-2018-787077-normaatualizada-pl.pdf
art_52_inc_IV,art_52,inciso,IV,IV - publicização da infração após devidamente apurada e confirmada a sua ocorrência;,vigente,,art_52,Artigo,lei-13709-14-agosto-2018-787077-normaatualizada-pl.pdf
art_52_inc_V,art_52,inciso,V,V - bloqueio dos dados pessoais a que se refere a infração até a sua regularização;,vigente,,art_52,Artigo,lei-13709-14-agosto-2018-787077-normaatualizada-pl.pdf
art_52_inc_VI,art_52,inciso,VI,VI - eliminação dos dados pessoais a que se refere a infração;,vigente,,art_52,Artigo,lei-13709-14-agosto-2018-787077-normaatualizada-pl.pdf
art_52_inc_VII,art_52,inciso,VII,VII - (VETADO);,vetado,,art_52,Artigo,lei-13709-14-agosto-2018-787077-normaatualizada-pl.pdf
art_52_inc_VIII,art_52,inciso,VIII,VIII - (VETADO);,vetado,,art_52,Artigo,lei-13709-14-agosto-2018-787077-normaatualizada-pl.pdf
art_52_inc_IX,art_52,inciso,IX,IX - (VETADO).,vetado,,art_52,Artigo,lei-13709-14-agosto-2018-787077-normaatualizada-pl.pdf
art_52_inc_X,art_52,inciso,X,"X - suspensão parcial do funcionamento do banco de dados a que se refere a infração pelo período máximo de 6 (seis) meses, prorrogável por igual período, até a regularização da atividade de tratamento pelo controlador; (Inciso acrescido pela Lei nº 13.853, de 8/7/2019, vetado pelo Presidente da República, mantido pelo Congresso Nacional e publicado no DOU de 20/12/2019)",vigente,"(Inciso acrescido pela Lei nº 13.853, de 8/7/2019, vetado pelo Presidente da República, mantido pelo Congresso Nacional e publicado no DOU de 20/12/2019)",art_52,Artigo,lei-13709-14-agosto-2018-787077-normaatualizada-pl.pdf
art_52_inc_XI,art_52,inciso,XI,"XI - suspensão do exercício da atividade de tratamento dos dados pessoais a que se refere a infração pelo período máximo de 6 (seis) meses, prorrogável por igual período; (Inciso acrescido pela Lei nº 13.853, de 8/7/2019, vetado pelo Presidente da República, mantido pelo Congresso Nacional e publicado no DOU de 20/12/2019)",vigente,"(Inciso acrescido pela Lei nº 13.853, de 8/7/2019, vetado pelo Presidente da República, mantido pelo Congresso Nacional e publicado no DOU de 20/12/2019)",art_52,Artigo,lei-13709-14-agosto-2018-787077-normaatualizada-pl.pdf
art_52_inc_XII,art_52,inciso,XII,"XII - proibição parcial ou total do exercício de atividades relacionadas a tratamento de dados. (Inciso acrescido pela Lei nº 13.853, de 8/7/2019, vetado pelo Presidente da República, mantido pelo Congresso Nacional e publicado no DOU de 20/12/2019)",vigente,"(Inciso acrescido pela Lei nº 13.853, de 8/7/2019, vetado pelo Presidente da República, mantido pelo Congresso Nacional e publicado no DOU de 20/12/2019)",art_52,Artigo,lei-13709-14-agosto-2018-787077-normaatualizada-pl.pdf
art_52_par_1,art_52,parágrafo,§ 1º,"§ 1º As sanções serão aplicadas após procedimento administrativo que possibilite a oportunidade da ampla defesa, de forma gradativa, isolada ou cumulativa, de acordo com as peculiaridades do caso concreto e considerados os seguintes parâmetros e critérios:",vigente,,art_52,Artigo,lei-13709-14-agosto-2018-787077-normaatualizada-pl.pdf
art_52_par_1_inc_I,art_52,inciso,I,I - a gravidade e a natureza das infrações e dos direitos pessoais afetados;,vigente,,art_52_par_1,Dispositivo,lei-13709-14-agosto-2018-787077-normaatualizada-pl.pdf
art_52_par_1_inc_II,art_52,inciso,II,II - a boa-fé do infrator;,vigente,,art_52_par_1,Dispositivo,lei-13709-14-agosto-2018-787077-normaatualizada-pl.pdf
art_52_par_1_inc_III,art_52,inciso,III,III - a vantagem auferida ou pretendida pelo infrator;,vigente,,art_52_par_1,Dispositivo,lei-13709-14-agosto-2018-787077-normaatualizada-pl.pdf
art_52_par_1_inc_IV,art_52,inciso,IV,IV - a condição econômica do infrator;,vigente,,art_52_par_1,Dispositivo,lei-13709-14-agosto-2018-787077-normaatualizada-pl.pdf
art_52_par_1_inc_V,art_52,inciso,V,V - a reincidência;,vigente,,art_52_par_1,Dispositivo,lei-13709-14-agosto-2018-787077-normaatualizada-pl.pdf
art_52_par_1_inc_VI,art_52,inciso,VI,VI - o grau do dano;,vigente,,art_52_par_1,Dispositivo,lei-13709-14-agosto-2018-787077-normaatualizada-pl.pdf
art_52_par_1_inc_VII,art_52,inciso,VII,VII - a cooperação do infrator;,vigente,,art_52_par_1,Dispositivo,lei-13709-14-agosto-2018-787077-normaatualizada-pl.pdf
art_52_par_1_inc_VIII,art_52,inciso,VIII,"VIII - a adoção reiterada e demonstrada de mecanismos e procedimentos internos capazes de minimizar o dano, voltados ao tratamento seguro e adequado de dados, em consonância com o disposto no inciso II do § 2º do art. 48 desta Lei;",vigente,,art_52_par_1,Dispositivo,lei-13709-14-agosto-2018-787077-normaatualizada-pl.pdf
art_52_par_1_inc_IX,art_52,inciso,IX,IX - a adoção de política de boas práticas e governança;,vigente,,art_52_par_1,Dispositivo,lei-13709-14-agosto-2018-787077-normaatualizada-pl.pdf
art_52_par_1_inc_X,art_52,inciso,X,X – a pronta adoção de medidas corretivas; e,vigente,,art_52_par_1,Dispositivo,lei-13709-14-agosto-2018-787077-normaatualizada-pl.pdf
art_52_par_1_inc_XI,art_52,inciso,XI,XI - a proporcionalidade entre a gravidade da falta e a intensidade da sanção.,vigente,,art_52_par_1,Dispositivo,lei-13709-14-agosto-2018-787077-normaatualizada-pl.pdf
art_52_par_2,art_52,parágrafo,§ 2º,"§ 2º O disposto neste artigo não substitui a aplicação de sanções administrativas, civis ou penais definidas na Lei nº 8.078, de 11 de setembro de 1990, e em legislação específica. (Parágrafo com redação dada pela Lei nº 13.853, de 8/7/2019)",vigente,"(Parágrafo com redação dada pela Lei nº 13.853, de 8/7/2019)",art_52,Artigo,lei-13709-14-agosto-2018-787077-normaatualizada-pl.pdf
art_52_par_2-A,art_52,parágrafo,§ 2-Aº,"§ 2º-A. (VETADO na Lei nº 15.134, de 6/5/2025)",vetado,,art_52,Artigo,lei-13709-14-agosto-2018-787077-normaatualizada-pl.pdf
art_52_par_3,art_52,parágrafo,§ 3º,"§ 3º O disposto nos incisos I, IV, V, VI, X, XI e XII do caput deste artigo poderá ser aplicado às entidades e aos órgãos públicos, sem prejuízo do disposto na Lei nº 8.112, de 11 de dezembro de 1990, na Lei nº 8.429, de 2 de junho de 1992, e na Lei nº 12.527, de 18 de novembro de 2011. (Parágrafo com redação dada pela Lei nº 13.853, de 8/7/2019, vetado pelo Presidente da República, mantido pelo Congresso Nacional e publicado no DOU de 20/12/2019)",vigente,"(Parágrafo com redação dada pela Lei nº 13.853, de 8/7/2019, vetado pelo Presidente da República, mantido pelo Congresso Nacional e publicado no DOU de 20/12/2019)",art_52,Artigo,lei-13709-14-agosto-2018-787077-normaatualizada-pl.pdf
art_52_par_4,art_52,parágrafo,§ 4º,"§ 4º No cálculo do valor da multa de que trata o inciso II do caput deste artigo, a autoridade nacional poderá considerar o faturamento total da empresa ou grupo de empresas, quando não dispuser do valor do faturamento no ramo de atividade empresarial em que ocorreu a infração, definido pela autoridade nacional, ou quando o valor for apresentado de forma incompleta ou não for demonstrado de forma inequívoca e idônea.",vigente,,art_52,Artigo,lei-13709-14-agosto-2018-787077-normaatualizada-pl.pdf
art_52_par_5,art_52,parágrafo,§ 5º,"§ 5º O produto da arrecadação das multas aplicadas pela ANPD, inscritas ou não em dívida ativa, será destinado ao Fundo de Defesa de Direitos Difusos de que tratam o art. 13 da Lei nº 7.347, de 24 de julho de 1985, e a Lei nº 9.008, de 21 de março de 1995. (Parágrafo acrescido pela Lei nº 13.853, de 8/7/2019)",vigente,"(Parágrafo acrescido pela Lei nº 13.853, de 8/7/2019)",art_52,Artigo,lei-13709-14-agosto-2018-787077-normaatualizada-pl.pdf
art_52_par_6,art_52,parágrafo,§ 6º,"§ 6º As sanções previstas nos incisos X, XI e XII do caput deste artigo serão aplicadas:",vigente,,art_52,Artigo,lei-13709-14-agosto-2018-787077-normaatualizada-pl.pdf
art_52_par_6_inc_I,art_52,inciso,I,"I - somente após já ter sido imposta ao menos 1 (uma) das sanções de que tratam os incisos II, III, IV, V e VI do caput deste artigo para o mesmo caso concreto; e",vigente,,art_52_par_6,Dispositivo,lei-13709-14-agosto-2018-787077-normaatualizada-pl.pdf
art_52_par_6_inc_II,art_52,inciso,II,"II - em caso de controladores submetidos a outros órgãos e entidades com competências sancionatórias, ouvidos esses órgãos. (Parágrafo acrescido pela Lei nº 13.853, de 8/7/2019, vetado pelo Presidente da República, mantido pelo Congresso Nacional e publicado no DOU de 20/12/2019)",vigente,"(Parágrafo acrescido pela Lei nº 13.853, de 8/7/2019, vetado pelo Presidente da República, mantido pelo Congresso Nacional e publicado no DOU de 20/12/2019)",art_52_par_6,Dispositivo,lei-13709-14-agosto-2018-787077-normaatualizada-pl.pdf
art_52_par_7,art_52,parágrafo,§ 7º,"§ 7º Os vazamentos individuais ou os acessos não autorizados de que trata o caput do art. 46 desta Lei poderão ser objeto de conciliação direta entre controlador e titular e, caso não haja acordo, o controlador estará sujeito à aplicação das penalidades de que trata este artigo. (Parágrafo acrescido pela Lei nº 13.853, de 8/7/2019)",vigente,"(Parágrafo acrescido pela Lei nº 13.853, de 8/7/2019)",art_52,Artigo,lei-13709-14-agosto-2018-787077-normaatualizada-pl.pdf
art_53_par_1,art_53,parágrafo,§ 1º,"§ 1º As metodologias a que se refere o caput deste artigo devem ser previamente publicadas, para ciência dos agentes de tratamento, e devem apresentar objetivamente as formas e dosimetrias para o cálculo do valor-base das sanções de multa, que deverão conter fundamentação detalhada de todos os seus elementos, demonstrando a observância dos critérios previstos nesta Lei.",vigente,,art_53,Artigo,lei-13709-14-agosto-2018-787077-normaatualizada-pl.pdf
art_53_par_2,art_53,parágrafo,§ 2º,§ 2º O regulamento de sanções e metodologias correspondentes deve estabelecer as circunstâncias e as condições para a adoção de multa simples ou diária.,vigente,,art_53,Artigo,lei-13709-14-agosto-2018-787077-normaatualizada-pl.pdf
art_54_pu,art_54,parágrafo único,Parágrafo único,"Parágrafo único. A intimação da sanção de multa diária deverá conter, no mínimo, a descrição da obrigação imposta, o prazo razoável e estipulado pelo órgão para o seu cumprimento e o valor da multa diária a ser aplicada pelo seu descumprimento.",vigente,,art_54,Artigo,lei-13709-14-agosto-2018-787077-normaatualizada-pl.pdf
art_55-A_par_1,art_55-A,parágrafo,§ 1º,"§ 1º (Parágrafo acrescido pela Lei nº 13.853, de 8/7/2019, e revogado pela Medida Provisória nº 1.124, de 13/6/2022, convertida na Lei nº 14.460, de 25/10/2022)",revogado,"(Parágrafo acrescido pela Lei nº 13.853, de 8/7/2019, e revogado pela Medida Provisória nº 1.124, de 13/6/2022, convertida na Lei nº 14.460, de 25/10/2022)",art_55-A,Artigo,lei-13709-14-agosto-2018-787077-normaatualizada-pl.pdf
art_55-A_par_2,art_55-A,parágrafo,§ 2º,"§ 2º (Parágrafo acrescido pela Lei nº 13.853, de 8/7/2019, e revogado pela Medida Provisória nº 1.124, de 13/6/2022, convertida na Lei nº 14.460, de 25/10/2022)",revogado,"(Parágrafo acrescido pela Lei nº 13.853, de 8/7/2019, e revogado pela Medida Provisória nº 1.124, de 13/6/2022, convertida na Lei nº 14.460, de 25/10/2022)",art_55-A,Artigo,lei-13709-14-agosto-2018-787077-normaatualizada-pl.pdf
art_55-A_par_3,art_55-A,parágrafo,§ 3º,"§ 3º (Parágrafo acrescido pela Lei nº 13.853, de 8/7/2019, e revogado pela Medida Provisória nº 1.124, de 13/6/2022, convertida na Lei nº 14.460, de 25/10/2022)",revogado,"(Parágrafo acrescido pela Lei nº 13.853, de 8/7/2019, e revogado pela Medida Provisória nº 1.124, de 13/6/2022, convertida na Lei nº 14.460, de 25/10/2022)",art_55-A,Artigo,lei-13709-14-agosto-2018-787077-normaatualizada-pl.pdf
art_55-C_inc_I,art_55-C,inciso,I,"I - Conselho Diretor, órgão máximo de direção; (Inciso acrescido pela Medida Provisória nº 869, de 27/12/2018, convertida na Lei nº 13.853, de 8/7/2019)",vigente,"(Inciso acrescido pela Medida Provisória nº 869, de 27/12/2018, convertida na Lei nº 13.853, de 8/7/2019)",art_55-C,Artigo,lei-13709-14-agosto-2018-787077-normaatualizada-pl.pdf
art_55-C_inc_II,art_55-C,inciso,II,"II - Conselho Nacional de Proteção de Dados Pessoais e da Privacidade; (Inciso acrescido pela Medida Provisória nº 869, de 27/12/2018, convertida na Lei nº 13.853, de 8/7/2019)",vigente,"(Inciso acrescido pela Medida Provisória nº 869, de 27/12/2018, convertida na Lei nº 13.853, de 8/7/2019)",art_55-C,Artigo,lei-13709-14-agosto-2018-787077-normaatualizada-pl.pdf
art_55-C_inc_III,art_55-C,inciso,III,"III - Corregedoria; (Inciso acrescido pela Medida Provisória nº 869, de 27/12/2018, convertida na Lei nº 13.853, de 8/7/2019)",vigente,"(Inciso acrescido pela Medida Provisória nº 869, de 27/12/2018, convertida na Lei nº 13.853, de 8/7/2019)",art_55-C,Artigo,lei-13709-14-agosto-2018-787077-normaatualizada-pl.pdf
art_55-C_inc_IV,art_55-C,inciso,IV,"IV - Ouvidoria; (Inciso acrescido pela Medida Provisória nº 869, de 27/12/2018, convertida na Lei nº 13.853, de 8/7/2019)",vigente,"(Inciso acrescido pela Medida Provisória nº 869, de 27/12/2018, convertida na Lei nº 13.853, de 8/7/2019)",art_55-C,Artigo,lei-13709-14-agosto-2018-787077-normaatualizada-pl.pdf
art_55-C_inc_V,art_55-C,inciso,V,"V - (Inciso acrescido pela Medida Provisória nº 869, de 27/12/2018, convertida na Lei nº 13.853, de 8/7/2019 e revogado pela Lei nº 14.460, de 25/10/2022)",revogado,"(Inciso acrescido pela Medida Provisória nº 869, de 27/12/2018, convertida na Lei nº 13.853, de 8/7/2019 e revogado pela Lei nº 14.460, de 25/10/2022)",art_55-C,Artigo,lei-13709-14-agosto-2018-787077-normaatualizada-pl.pdf
art_55-C_inc_V-A,art_55-C,inciso,V-A,"V-A - Procuradoria; (Inciso acrescido pela Lei nº 14.460, de 25/10/2022, e com redação dada pela Medida Provisória nº 1.317, de 17/9/2025 , convertida na Lei nº 15.352, de 25/2/2026)",vigente,"(Inciso acrescido pela Lei nº 14.460, de 25/10/2022, e com redação dada pela Medida Provisória nº 1.317, de 17/9/2025 , convertida na Lei nº 15.352, de 25/2/2026)",art_55-C,Artigo,lei-13709-14-agosto-2018-787077-normaatualizada-pl.pdf
art_55-C_inc_V-B,art_55-C,inciso,V-B,"V-B - Auditoria; e (Inciso acrescido pela Medida Provisória nº 1.317, de 17/9/2025 , convertida na Lei nº 15.352, de 25/2/2026)",vigente,"(Inciso acrescido pela Medida Provisória nº 1.317, de 17/9/2025 , convertida na Lei nº 15.352, de 25/2/2026)",art_55-C,Artigo,lei-13709-14-agosto-2018-787077-normaatualizada-pl.pdf
art_55-C_inc_VI,art_55-C,inciso,VI,"VI - unidades administrativas e unidades especializadas. (Inciso acrescido pela Medida Provisória nº 869, de 27/12/2018, convertida na Lei nº 13.853, de 8/7/2019, e com redação dada pela Medida Provisória nº 1.317, de 17/9/2025 , convertida na Lei nº 15.352, de 25/2/2026)",vigente,"(Inciso acrescido pela Medida Provisória nº 869, de 27/12/2018, convertida na Lei nº 13.853, de 8/7/2019, e com redação dada pela Medida Provisória nº 1.317, de 17/9/2025 , convertida na Lei nº 15.352, de 25/2/2026)",art_55-C,Artigo,lei-13709-14-agosto-2018-787077-normaatualizada-pl.pdf
art_55-D_par_1,art_55-D,parágrafo,§ 1º,"§ 1º Os membros do Conselho Diretor da ANPD serão escolhidos pelo Presidente da República e por ele nomeados, após aprovação pelo Senado Federal, nos termos da alínea 'f' do inciso III do art. 52 da Constituição Federal, e ocuparão cargo em comissão do Grupo-Direção e Assessoramento Superiores - DAS, no mínimo, de nível 5.",vigente,,art_55-D,Artigo,lei-13709-14-agosto-2018-787077-normaatualizada-pl.pdf
art_55-D_par_2,art_55-D,parágrafo,§ 2º,"§ 2º Os membros do Conselho Diretor serão escolhidos dentre brasileiros que tenham reputação ilibada, nível superior de educação e elevado conceito no campo de especialidade dos cargos para os quais serão nomeados.",vigente,,art_55-D,Artigo,lei-13709-14-agosto-2018-787077-normaatualizada-pl.pdf
art_55-D_par_3,art_55-D,parágrafo,§ 3º,§ 3º O mandato dos membros do Conselho Diretor será de 4 (quatro) anos.,vigente,,art_55-D,Artigo,lei-13709-14-agosto-2018-787077-normaatualizada-pl.pdf
art_55-D_par_4,art_55-D,parágrafo,§ 4º,"§ 4º Os mandatos dos primeiros membros do Conselho Diretor nomeados serão de 2 (dois), de 3 (três), de 4 (quatro), de 5 (cinco) e de 6 (seis) anos, conforme estabelecido no ato de nomeação.",vigente,,art_55-D,Artigo,lei-13709-14-agosto-2018-787077-normaatualizada-pl.pdf
art_55-D_par_5,art_55-D,parágrafo,§ 5º,"§ 5º Na hipótese de vacância do cargo no curso do mandato de membro do Conselho Diretor, o prazo remanescente será completado pelo sucessor. (Artigo acrescido pela Medida Provisória nº 869, de 27/12/2018, e com redação dada pela Lei nº 13.853, de 8/7/2019, na qual foi convertida a referida Medida Provisória)",vigente,"(Artigo acrescido pela Medida Provisória nº 869, de 27/12/2018, e com redação dada pela Lei nº 13.853, de 8/7/2019, na qual foi convertida a referida Medida Provisória)",art_55-D,Artigo,lei-13709-14-agosto-2018-787077-normaatualizada-pl.pdf
art_55-E_par_1,art_55-E,parágrafo,§ 1º,"§ 1º Nos termos do caput deste artigo, cabe ao Ministro de Estado Chefe da Casa Civil da Presidência da República instaurar o processo administrativo disciplinar, que será conduzido por comissão especial constituída por servidores públicos federais estáveis.",vigente,,art_55-E,Artigo,lei-13709-14-agosto-2018-787077-normaatualizada-pl.pdf
art_55-E_par_2,art_55-E,parágrafo,§ 2º,"§ 2º Compete ao Presidente da República determinar o afastamento preventivo, somente quando assim recomendado pela comissão especial de que trata o § 1º deste artigo, e proferir o julgamento. (Artigo acrescido pela Medida Provisória nº 869, de 27/12/2018, convertida na Lei nº 13.853, de 8/7/2019)",vigente,"(Artigo acrescido pela Medida Provisória nº 869, de 27/12/2018, convertida na Lei nº 13.853, de 8/7/2019)",art_55-E,Artigo,lei-13709-14-agosto-2018-787077-normaatualizada-pl.pdf
art_55-F_pu,art_55-F,parágrafo único,Parágrafo único,"Parágrafo único. A infração ao disposto no caput caracteriza ato de improbidade administrativa. (Artigo acrescido pela Medida Provisória nº 869, de 27/12/2018, convertida na Lei nº 13.853, de 8/7/2019)",vigente,"(Artigo acrescido pela Medida Provisória nº 869, de 27/12/2018, convertida na Lei nº 13.853, de 8/7/2019)",art_55-F,Artigo,lei-13709-14-agosto-2018-787077-normaatualizada-pl.pdf
art_55-G_par_1,art_55-G,parágrafo,§ 1º,"§ 1º Até a data de entrada em vigor de sua estrutura regimental, a ANPD receberá o apoio técnico e administrativo da Casa Civil da Presidência da República para o exercício de suas atividades.",vigente,,art_55-G,Artigo,lei-13709-14-agosto-2018-787077-normaatualizada-pl.pdf
art_55-G_par_2,art_55-G,parágrafo,§ 2º,"§ 2º O Conselho Diretor disporá sobre o regimento interno da ANPD. (Artigo acrescido pela Medida Provisória nº 869, de 27/12/2018, e com redação dada pela Lei nº 13.853, de 8/7/2019, na qual foi convertida a referida Medida Provisória)",vigente,"(Artigo acrescido pela Medida Provisória nº 869, de 27/12/2018, e com redação dada pela Lei nº 13.853, de 8/7/2019, na qual foi convertida a referida Medida Provisória)",art_55-G,Artigo,lei-13709-14-agosto-2018-787077-normaatualizada-pl.pdf
art_55-J_inc_I,art_55-J,inciso,I,"I - zelar pela proteção dos dados pessoais, nos termos da legislação;",vigente,,art_55-J,Artigo,lei-13709-14-agosto-2018-787077-normaatualizada-pl.pdf
art_55-J_inc_II,art_55-J,inciso,II,"II - zelar pela observância dos segredos comercial e industrial, observada a proteção de dados pessoais e do sigilo das informações quando protegido por lei ou quando a quebra do sigilo violar os fundamentos do art. 2º desta Lei;",vigente,,art_55-J,Artigo,lei-13709-14-agosto-2018-787077-normaatualizada-pl.pdf
art_55-J_inc_III,art_55-J,inciso,III,III - elaborar diretrizes para a Política Nacional de Proteção de Dados Pessoais e da Privacidade;,vigente,,art_55-J,Artigo,lei-13709-14-agosto-2018-787077-normaatualizada-pl.pdf
art_55-J_inc_IV,art_55-J,inciso,IV,"IV - fiscalizar e aplicar sanções em caso de tratamento de dados realizado em descumprimento à legislação, mediante processo administrativo que assegure o contraditório, a ampla defesa e o direito de recurso;",vigente,,art_55-J,Artigo,lei-13709-14-agosto-2018-787077-normaatualizada-pl.pdf
art_55-J_inc_V,art_55-J,inciso,V,V - apreciar petições de titular contra controlador após comprovada pelo titular a apresentação de reclamação ao controlador não solucionada no prazo estabelecido em regulamentação;,vigente,,art_55-J,Artigo,lei-13709-14-agosto-2018-787077-normaatualizada-pl.pdf
art_55-J_inc_VI,art_55-J,inciso,VI,VI - promover na população o conhecimento das normas e das políticas públicas sobre proteção de dados pessoais e das medidas de segurança;,vigente,,art_55-J,Artigo,lei-13709-14-agosto-2018-787077-normaatualizada-pl.pdf
art_55-J_inc_VII,art_55-J,inciso,VII,VII - promover e elaborar estudos sobre as práticas nacionais e internacionais de proteção de dados pessoais e privacidade;,vigente,,art_55-J,Artigo,lei-13709-14-agosto-2018-787077-normaatualizada-pl.pdf
art_55-J_inc_VIII,art_55-J,inciso,VIII,"VIII - estimular a adoção de padrões para serviços e produtos que facilitem o exercício de controle dos titulares sobre seus dados pessoais, os quais deverão levar em consideração as especificidades das atividades e o porte dos responsáveis;",vigente,,art_55-J,Artigo,lei-13709-14-agosto-2018-787077-normaatualizada-pl.pdf
art_55-J_inc_IX,art_55-J,inciso,IX,"IX - promover ações de cooperação com autoridades de proteção de dados pessoais de outros países, de natureza internacional ou transnacional;",vigente,,art_55-J,Artigo,lei-13709-14-agosto-2018-787077-normaatualizada-pl.pdf
art_55-J_inc_X,art_55-J,inciso,X,"X - dispor sobre as formas de publicidade das operações de tratamento de dados pessoais, respeitados os segredos comercial e industrial;",vigente,,art_55-J,Artigo,lei-13709-14-agosto-2018-787077-normaatualizada-pl.pdf
art_55-J_inc_XI,art_55-J,inciso,XI,"XI - solicitar, a qualquer momento, às entidades do poder público que realizem operações de tratamento de dados pessoais informe específico sobre o âmbito, a natureza dos dados e os demais detalhes do tratamento realizado, com a possibilidade de emitir parecer técnico complementar para garantir o cumprimento desta Lei;",vigente,,art_55-J,Artigo,lei-13709-14-agosto-2018-787077-normaatualizada-pl.pdf
art_55-J_inc_XII,art_55-J,inciso,XII,XII - elaborar relatórios de gestão anuais acerca de suas atividades;,vigente,,art_55-J,Artigo,lei-13709-14-agosto-2018-787077-normaatualizada-pl.pdf
art_55-J_inc_XIII,art_55-J,inciso,XIII,"XIII - editar regulamentos e procedimentos sobre proteção de dados pessoais e privacidade, bem como sobre relatórios de impacto à proteção de dados pessoais para os casos em que o tratamento representar alto risco à garantia dos princípios gerais de proteção de dados pessoais previstos nesta Lei;",vigente,,art_55-J,Artigo,lei-13709-14-agosto-2018-787077-normaatualizada-pl.pdf
art_55-J_inc_XIV,art_55-J,inciso,XIV,XIV - ouvir os agentes de tratamento e a sociedade em matérias de interesse relevante e prestar contas sobre suas atividades e planejamento;,vigente,,art_55-J,Artigo,lei-13709-14-agosto-2018-787077-normaatualizada-pl.pdf
art_55-J_inc_XV,art_55-J,inciso,XV,"XV - arrecadar e aplicar suas receitas e publicar, no relatório de gestão a que se refere o inciso XII do caput deste artigo, o detalhamento de suas receitas e despesas;",vigente,,art_55-J,Artigo,lei-13709-14-agosto-2018-787077-normaatualizada-pl.pdf
art_55-J_inc_XVI,art_55-J,inciso,XVI,"XVI - realizar auditorias, ou determinar sua realização, no âmbito da atividade de fiscalização de que trata o inciso IV e com a devida observância do disposto no inciso II do caput deste artigo, sobre o tratamento de dados pessoais efetuado pelos agentes de tratamento, incluído o poder público;",vigente,,art_55-J,Artigo,lei-13709-14-agosto-2018-787077-normaatualizada-pl.pdf
art_55-J_inc_XVII,art_55-J,inciso,XVII,"XVII - celebrar, a qualquer momento, compromisso com agentes de tratamento para eliminar irregularidade, incerteza jurídica ou situação contenciosa no âmbito de processos administrativos, de acordo com o previsto no Decreto-Lei nº 4.657, de 4 de setembro de 1942;",vigente,,art_55-J,Artigo,lei-13709-14-agosto-2018-787077-normaatualizada-pl.pdf
art_55-J_inc_XVIII,art_55-J,inciso,XVIII,"XVIII - editar normas, orientações e procedimentos simplificados e diferenciados, inclusive quanto aos prazos, para que microempresas e empresas de pequeno porte, bem como iniciativas empresariais de caráter incremental ou disruptivo que se autodeclarem startups ou empresas de inovação, possam adequar-se a esta Lei;",vigente,,art_55-J,Artigo,lei-13709-14-agosto-2018-787077-normaatualizada-pl.pdf
art_55-J_inc_XIX,art_55-J,inciso,XIX,"XIX - garantir que o tratamento de dados de idosos seja efetuado de maneira simples, clara, acessível e adequada ao seu entendimento, nos termos desta Lei e da Lei nº 10.741, de 1º de outubro de 2003 (Estatuto do Idoso);",vigente,,art_55-J,Artigo,lei-13709-14-agosto-2018-787077-normaatualizada-pl.pdf
art_55-J_inc_XX,art_55-J,inciso,XX,"XX - deliberar, na esfera administrativa, em caráter terminativo, sobre a interpretação desta Lei, as suas competências e os casos omissos;",vigente,,art_55-J,Artigo,lei-13709-14-agosto-2018-787077-normaatualizada-pl.pdf
art_55-J_inc_XXI,art_55-J,inciso,XXI,XXI - comunicar às autoridades competentes as infrações penais das quais tiver conhecimento;,vigente,,art_55-J,Artigo,lei-13709-14-agosto-2018-787077-normaatualizada-pl.pdf
art_55-J_inc_XXII,art_55-J,inciso,XXII,XXII - comunicar aos órgãos de controle interno o descumprimento do disposto nesta Lei por órgãos e entidades da administração pública federal;,vigente,,art_55-J,Artigo,lei-13709-14-agosto-2018-787077-normaatualizada-pl.pdf
art_55-J_inc_XXIII,art_55-J,inciso,XXIII,XXIII - articular-se com as autoridades reguladoras públicas para exercer suas competências em setores específicos de atividades econômicas e governamentais sujeitas à regulação; e,vigente,,art_55-J,Artigo,lei-13709-14-agosto-2018-787077-normaatualizada-pl.pdf
art_55-J_inc_XXIV,art_55-J,inciso,XXIV,"XXIV - implementar mecanismos simplificados, inclusive por meio eletrônico, para o registro de reclamações sobre o tratamento de dados pessoais em desconformidade com esta Lei.",vigente,,art_55-J,Artigo,lei-13709-14-agosto-2018-787077-normaatualizada-pl.pdf
art_55-J_par_1,art_55-J,parágrafo,§ 1º,"§ 1º Ao impor condicionantes administrativas ao tratamento de dados pessoais por agente de tratamento privado, sejam eles limites, encargos ou sujeições, a ANPD deve observar a exigência de mínima intervenção, assegurados os fundamentos, os princípios e os direitos dos titulares previstos no art. 170 da Constituição Federal e nesta Lei.",vigente,,art_55-J,Artigo,lei-13709-14-agosto-2018-787077-normaatualizada-pl.pdf
art_55-J_par_2,art_55-J,parágrafo,§ 2º,"§ 2º Os regulamentos e as normas editados pela ANPD devem ser precedidos de consulta e audiência públicas, bem como de análises de impacto regulatório.",vigente,,art_55-J,Artigo,lei-13709-14-agosto-2018-787077-normaatualizada-pl.pdf
art_55-J_par_3,art_55-J,parágrafo,§ 3º,"§ 3º A ANPD e os órgãos e entidades públicos responsáveis pela regulação de setores específicos da atividade econômica e governamental devem coordenar suas atividades, nas correspondentes esferas de atuação, com vistas a assegurar o cumprimento de suas atribuições com a maior eficiência e promover o adequado funcionamento dos setores regulados, conforme legislação específica, e o tratamento de dados pessoais, na forma desta Lei.",vigente,,art_55-J,Artigo,lei-13709-14-agosto-2018-787077-normaatualizada-pl.pdf
art_55-J_par_4,art_55-J,parágrafo,§ 4º,"§ 4º A ANPD manterá fórum permanente de comunicação, inclusive por meio de cooperação técnica, com órgãos e entidades da administração pública responsáveis pela regulação de setores específicos da atividade econômica e governamental, a fim de facilitar as competências regulatória, fiscalizatória e punitiva da ANPD.",vigente,,art_55-J,Artigo,lei-13709-14-agosto-2018-787077-normaatualizada-pl.pdf
art_55-J_par_5,art_55-J,parágrafo,§ 5º,"§ 5º No exercício das competências de que trata o caput deste artigo, a autoridade competente deverá zelar pela preservação do segredo empresarial e do sigilo das informações, nos termos da lei.",vigente,,art_55-J,Artigo,lei-13709-14-agosto-2018-787077-normaatualizada-pl.pdf
art_55-J_par_6,art_55-J,parágrafo,§ 6º,"§ 6º As reclamações colhidas conforme o disposto no inciso V do caput deste artigo poderão ser analisadas de forma agregada, e as eventuais providências delas decorrentes poderão ser adotadas de forma padronizada. (Artigo acrescido pela Medida Provisória nº 869, de 27/12/2018, e com redação dada pela Lei nº 13.853, de 8/7/2019, na qual foi convertida a referida Medida Provisória)",vigente,"(Artigo acrescido pela Medida Provisória nº 869, de 27/12/2018, e com redação dada pela Lei nº 13.853, de 8/7/2019, na qual foi convertida a referida Medida Provisória)",art_55-J,Artigo,lei-13709-14-agosto-2018-787077-normaatualizada-pl.pdf
art_55-K_pu,art_55-K,parágrafo único,Parágrafo único,"Parágrafo único. A ANPD articulará sua atuação com outros órgãos e entidades com competências sancionatórias e normativas afetas ao tema de proteção de dados pessoais e será o órgão central de interpretação desta Lei e do estabelecimento de normas e diretrizes para a sua implementação. (Artigo acrescido pela Medida Provisória nº 869, de 27/12/2018, convertida na Lei nº 13.853, de 8/7/2019)",vigente,"(Artigo acrescido pela Medida Provisória nº 869, de 27/12/2018, convertida na Lei nº 13.853, de 8/7/2019)",art_55-K,Artigo,lei-13709-14-agosto-2018-787077-normaatualizada-pl.pdf
art_55-L_inc_I,art_55-L,inciso,I,"I - as dotações, consignadas no orçamento geral da União, os créditos especiais, os créditos adicionais, as transferências e os repasses que lhe forem conferidos;",vigente,,art_55-L,Artigo,lei-13709-14-agosto-2018-787077-normaatualizada-pl.pdf
art_55-L_inc_II,art_55-L,inciso,II,"II - as doações, os legados, as subvenções e outros recursos que lhe forem destinados;",vigente,,art_55-L,Artigo,lei-13709-14-agosto-2018-787077-normaatualizada-pl.pdf
art_55-L_inc_III,art_55-L,inciso,III,III - os valores apurados na venda ou aluguel de bens móveis e imóveis de sua propriedade;,vigente,,art_55-L,Artigo,lei-13709-14-agosto-2018-787077-normaatualizada-pl.pdf
art_55-L_inc_IV,art_55-L,inciso,IV,IV - os valores apurados em aplicações no mercado financeiro das receitas previstas neste artigo;,vigente,,art_55-L,Artigo,lei-13709-14-agosto-2018-787077-normaatualizada-pl.pdf
art_55-L_inc_V,art_55-L,inciso,V,V - (VETADO);,vetado,,art_55-L,Artigo,lei-13709-14-agosto-2018-787077-normaatualizada-pl.pdf
art_55-L_inc_VI,art_55-L,inciso,VI,"VI - os recursos provenientes de acordos, convênios ou contratos celebrados com entidades, organismos ou empresas, públicos ou privados, nacionais ou internacionais;",vigente,,art_55-L,Artigo,lei-13709-14-agosto-2018-787077-normaatualizada-pl.pdf
art_55-L_inc_VII,art_55-L,inciso,VII,"VII - o produto da venda de publicações, material técnico, dados e informações, inclusive para fins de licitação pública. (Artigo acrescido pela Lei nº 13.853, de 8/7/2019)",vigente,"(Artigo acrescido pela Lei nº 13.853, de 8/7/2019)",art_55-L,Artigo,lei-13709-14-agosto-2018-787077-normaatualizada-pl.pdf
art_55-M_inc_I,art_55-M,inciso,I,I - que lhe forem transferidos pelos órgãos da Presidência da República; e,vigente,,art_55-M,Artigo,lei-13709-14-agosto-2018-787077-normaatualizada-pl.pdf
art_55-M_inc_II,art_55-M,inciso,II,"II - que venha a adquirir ou a incorporar. (Artigo acrescido pela Medida Provisória nº 1.124, de 13/6/2022, convertida na Lei nº 14.460, de 25/10/2022)",vigente,"(Artigo acrescido pela Medida Provisória nº 1.124, de 13/6/2022, convertida na Lei nº 14.460, de 25/10/2022)",art_55-M,Artigo,lei-13709-14-agosto-2018-787077-normaatualizada-pl.pdf
art_58-A_inc_I,art_58-A,inciso,I,I - 5 (cinco) do Poder Executivo federal;,vigente,,art_58-A,Artigo,lei-13709-14-agosto-2018-787077-normaatualizada-pl.pdf
art_58-A_inc_II,art_58-A,inciso,II,II - 1 (um) do Senado Federal;,vigente,,art_58-A,Artigo,lei-13709-14-agosto-2018-787077-normaatualizada-pl.pdf
art_58-A_inc_III,art_58-A,inciso,III,III - 1 (um) da Câmara dos Deputados;,vigente,,art_58-A,Artigo,lei-13709-14-agosto-2018-787077-normaatualizada-pl.pdf
art_58-A_inc_IV,art_58-A,inciso,IV,IV - 1 (um) do Conselho Nacional de Justiça;,vigente,,art_58-A,Artigo,lei-13709-14-agosto-2018-787077-normaatualizada-pl.pdf
art_58-A_inc_V,art_58-A,inciso,V,V - 1 (um) do Conselho Nacional do Ministério Público;,vigente,,art_58-A,Artigo,lei-13709-14-agosto-2018-787077-normaatualizada-pl.pdf
art_58-A_inc_VI,art_58-A,inciso,VI,VI - 1 (um) do Comitê Gestor da Internet no Brasil;,vigente,,art_58-A,Artigo,lei-13709-14-agosto-2018-787077-normaatualizada-pl.pdf
art_58-A_inc_VII,art_58-A,inciso,VII,VII - 3 (três) de entidades da sociedade civil com atuação relacionada a proteção de dados pessoais;,vigente,,art_58-A,Artigo,lei-13709-14-agosto-2018-787077-normaatualizada-pl.pdf
art_58-A_inc_VIII,art_58-A,inciso,VIII,"VIII - 3 (três) de instituições científicas, tecnológicas e de inovação;",vigente,,art_58-A,Artigo,lei-13709-14-agosto-2018-787077-normaatualizada-pl.pdf
art_58-A_inc_IX,art_58-A,inciso,IX,IX - 3 (três) de confederações sindicais representativas das categorias econômicas do setor produtivo;,vigente,,art_58-A,Artigo,lei-13709-14-agosto-2018-787077-normaatualizada-pl.pdf
art_58-A_inc_X,art_58-A,inciso,X,X - 2 (dois) de entidades representativas do setor empresarial relacionado à área de tratamento de dados pessoais; e,vigente,,art_58-A,Artigo,lei-13709-14-agosto-2018-787077-normaatualizada-pl.pdf
art_58-A_inc_XI,art_58-A,inciso,XI,XI - 2 (dois) de entidades representativas do setor laboral.,vigente,,art_58-A,Artigo,lei-13709-14-agosto-2018-787077-normaatualizada-pl.pdf
art_58-A_par_1,art_58-A,parágrafo,§ 1º,"§ 1º Os representantes serão designados por ato do Presidente da República, permitida a delegação.",vigente,,art_58-A,Artigo,lei-13709-14-agosto-2018-787077-normaatualizada-pl.pdf
art_58-A_par_2,art_58-A,parágrafo,§ 2º,"§ 2º Os representantes de que tratam os incisos I, II, III, IV, V e VI do caput deste artigo e seus suplentes serão indicados pelos titulares dos respectivos órgãos e entidades da administração pública.",vigente,,art_58-A,Artigo,lei-13709-14-agosto-2018-787077-normaatualizada-pl.pdf
art_58-A_par_3,art_58-A,parágrafo,§ 3º,"§ 3º Os representantes de que tratam os incisos VII, VIII, IX, X e XI do caput deste artigo e seus suplentes:",vigente,,art_58-A,Artigo,lei-13709-14-agosto-2018-787077-normaatualizada-pl.pdf
art_58-A_par_3_inc_I,art_58-A,inciso,I,I - serão indicados na forma de regulamento;,vigente,,art_58-A_par_3,Dispositivo,lei-13709-14-agosto-2018-787077-normaatualizada-pl.pdf
art_58-A_par_3_inc_II,art_58-A,inciso,II,II - não poderão ser membros do Comitê Gestor da Internet no Brasil;,vigente,,art_58-A_par_3,Dispositivo,lei-13709-14-agosto-2018-787077-normaatualizada-pl.pdf
art_58-A_par_3_inc_III,art_58-A,inciso,III,"III - terão mandato de 2 (dois) anos, permitida 1 (uma) recondução.",vigente,,art_58-A_par_3,Dispositivo,lei-13709-14-agosto-2018-787077-normaatualizada-pl.pdf
art_58-A_par_4,art_58-A,parágrafo,§ 4º,"§ 4º A participação no Conselho Nacional de Proteção de Dados Pessoais e da Privacidade será considerada prestação de serviço público relevante, não remunerada. (Artigo acrescido pela Medida Provisória nº 869, de 27/12/2018, e com redação dada pela Lei nº 13.853, de 8/7/2019, na qual foi convertida a referida Medida Provisória)",vigente,"(Artigo acrescido pela Medida Provisória nº 869, de 27/12/2018, e com redação dada pela Lei nº 13.853, de 8/7/2019, na qual foi convertida a referida Medida Provisória)",art_58-A,Artigo,lei-13709-14-agosto-2018-787077-normaatualizada-pl.pdf
art_58-B_inc_I,art_58-B,inciso,I,I - propor diretrizes estratégicas e fornecer subsídios para a elaboração da Política Nacional de Proteção de Dados Pessoais e da Privacidade e para a atuação da ANPD;,vigente,,art_58-B,Artigo,lei-13709-14-agosto-2018-787077-normaatualizada-pl.pdf
art_58-B_inc_II,art_58-B,inciso,II,II - elaborar relatórios anuais de avaliação da execução das ações da Política Nacional de Proteção de Dados Pessoais e da Privacidade;,vigente,,art_58-B,Artigo,lei-13709-14-agosto-2018-787077-normaatualizada-pl.pdf
art_58-B_inc_III,art_58-B,inciso,III,III - sugerir ações a serem realizadas pela ANPD;,vigente,,art_58-B,Artigo,lei-13709-14-agosto-2018-787077-normaatualizada-pl.pdf
art_58-B_inc_IV,art_58-B,inciso,IV,IV - elaborar estudos e realizar debates e audiências públicas sobre a proteção de dados pessoais e da privacidade; e,vigente,,art_58-B,Artigo,lei-13709-14-agosto-2018-787077-normaatualizada-pl.pdf
art_58-B_inc_V,art_58-B,inciso,V,"V - disseminar o conhecimento sobre a proteção de dados pessoais e da privacidade à população. (Artigo acrescido pela Medida Provisória nº 869, de 27/12/2018, convertida na Lei nº 13.853, de 8/7/2019)",vigente,"(Artigo acrescido pela Medida Provisória nº 869, de 27/12/2018, convertida na Lei nº 13.853, de 8/7/2019)",art_58-B,Artigo,lei-13709-14-agosto-2018-787077-normaatualizada-pl.pdf
art_65_inc_I,art_65,inciso,I,"I - dia 28 de dezembro de 2018, quanto aos arts. 55-A, 55-B, 55-C, 55-D, 55- E, 55-F, 55-G, 55-H, 55-I, 55-J, 55-K, 55-L, 58-A e 58-B; e (Inciso acrescido pela Medida Provisória nº 869, de 27/12/2018, e com redação dada pela Lei nº 13.853, de 8/7/2019, na qual foi convertida a referida Medida Provisória)",vigente,"(Inciso acrescido pela Medida Provisória nº 869, de 27/12/2018, e com redação dada pela Lei nº 13.853, de 8/7/2019, na qual foi convertida a referida Medida Provisória)",art_65,Artigo,lei-13709-14-agosto-2018-787077-normaatualizada-pl.pdf
art_65_inc_I-A,art_65,inciso,I-A,"I-A - dia 1º de agosto de 2021, quanto aos arts. 52, 53 e 54; (Inciso acrescido pela Lei nº 14.010, de 10/6/2020)",vigente,"(Inciso acrescido pela Lei nº 14.010, de 10/6/2020)",art_65,Artigo,lei-13709-14-agosto-2018-787077-normaatualizada-pl.pdf
art_65_inc_II,art_65,inciso,II,"II - 24 (vinte e quatro) meses após a data de sua publicação, quanto aos demais artigos. (Inciso acrescido pela Medida Provisória nº 869, de 27/12/2018, convertida na Lei nº 13.853, de 8/7/2019)",vigente,"(Inciso acrescido pela Medida Provisória nº 869, de 27/12/2018, convertida na Lei nº 13.853, de 8/7/2019)",art_65,Artigo,lei-13709-14-agosto-2018-787077-normaatualizada-pl.pdf
